x, Amplitude
0.000000000000000000e+00 0.000000000000000000e+00
6.289474781961547356e-03 3.849737270350857554e-01
1.257894956392309471e-02 7.106057036252039216e-01
1.886842434588464207e-02 9.267014096389813993e-01
2.515789912784618942e-02 9.999507863426441157e-01
3.144737390980773678e-02 9.190628132655871418e-01
3.773684869176928414e-02 6.965059618261224550e-01
4.402632347373083149e-02 3.665862436049693862e-01
5.031579825569237885e-02 -1.984088760798368919e-02
5.660527303765392620e-02 -4.032096464740566599e-01
6.289474781961547356e-02 -7.244256802636817039e-01
6.918422260157702786e-02 -9.339751640650388875e-01
7.547369738353856827e-02 -9.995571061471292262e-01
8.176317216550010869e-02 -9.110623822569703378e-01
8.805264694746166299e-02 -6.821320059287329096e-01
9.434212172942321728e-02 -3.480544353280440872e-01
1.006315965113847577e-01 3.967396386702962824e-02
1.069210712933462981e-01 4.212868224482230750e-01
1.132105460753078524e-01 7.379604508226831339e-01
1.195000208572694067e-01 9.408812128697622290e-01
1.257894956392309471e-01 9.987699007478234581e-01
1.320789704211924875e-01 9.027032663793858047e-01
1.383684452031540557e-01 6.674894949533041189e-01
1.446579199851155961e-01 3.293855981692769830e-01
1.509473947670771365e-01 -5.949142050352435040e-02
1.572368695490386770e-01 -4.391981379811612518e-01
1.635263443310002174e-01 -7.512046866688453228e-01
1.698158191129617856e-01 -9.474168371447011516e-01
1.761052938949233260e-01 -9.975894800671548657e-01
1.823947686768848664e-01 -8.939887566131680119e-01
1.886842434588464346e-01 -6.525841936501268759e-01
1.949737182408079750e-01 -3.105870820418457079e-01
2.012631930227695154e-01 7.928545539329484582e-02
2.075526678047310558e-01 4.569365413956322786e-01
2.138421425866925962e-01 7.641531735522012481e-01
2.201316173686541644e-01 9.535794638173826776e-01
2.264210921506157048e-01 9.960163088362387063e-01
2.327105669325772452e-01 8.849222838570733884e-01
2.390000417145388134e-01 6.374219702299250834e-01
2.452895164965003538e-01 2.916662879134840902e-01
2.515789912784618942e-01 -9.904827563329755835e-02
2.578684660604234624e-01 -4.744950490898224293e-01
2.641579408423849751e-01 -7.768008136590196511e-01
2.704474156243465433e-01 -9.593666666643294594e-01
2.767368904063081114e-01 -9.940510064119134626e-01
2.830263651882696241e-01 -8.755074175775342527e-01
2.893158399702311923e-01 -6.220087940535561355e-01
2.956053147521927049e-01 -2.726306648927235843e-01
3.018947895341542731e-01 1.187721006096822268e-01
3.081842643161158413e-01 4.918667482867882246e-01
3.144737390980773539e-01 7.891426276188162614e-01
3.207632138800389221e-01 9.647761672662654719e-01
3.270526886620004348e-01 9.916943465329013385e-01
3.333421634439620029e-01 8.657478644033664850e-01
3.396316382259235711e-01 6.063507332818627305e-01
3.459211130078850838e-01 2.534877072961777000e-01
3.522105877898466519e-01 -1.384491650610242264e-01
3.585000625718082201e-01 -5.090447997560051396e-01
3.647895373537697328e-01 -8.011737564647342102e-01
3.710790121357313009e-01 -9.698058359051230370e-01
3.773684869176928691e-01 -9.889472570151839337e-01
3.836579616996543818e-01 -8.556474666664645179e-01
3.899474364816159500e-01 -5.904539524866578848e-01
3.962369112635774626e-01 -2.342449516980347479e-01
4.025263860455390308e-01 1.580717221354852320e-01
4.088158608275005990e-01 5.260224405059868991e-01
4.151053356094621116e-01 8.128894635465049312e-01
4.213948103914236798e-01 9.744536924025181124e-01
4.276842851733851925e-01 9.858108193867267666e-01
4.339737599553467606e-01 8.452102008890870488e-01
4.402632347373083288e-01 5.743247102237135637e-01
4.465527095192698415e-01 2.149099739629237171e-01
4.528421843012314096e-01 -1.776320464407719069e-01
4.591316590831929778e-01 -5.427929864468490351e-01
4.654211338651544905e-01 -8.242851363952796717e-01
4.717106086471160586e-01 -9.787179068993427933e-01
4.780000834290776268e-01 -9.822862684616773254e-01
4.842895582110391395e-01 -8.344401762182882543e-01
4.905790329930007077e-01 -5.579693565687936507e-01
4.968685077749622203e-01 -1.954903862632791089e-01
5.031579825569237885e-01 1.971224370855913510e-01
5.094474573388853011e-01 5.593498350218537585e-01
5.157369321208469248e-01 8.353562885395494630e-01
5.220264069028084375e-01 9.825968005761778201e-01
5.283158816847699502e-01 9.783749918542237189e-01
5.346053564667315738e-01 8.233416328081596403e-01
5.408948312486930865e-01 5.413943306176113301e-01
5.471843060306545992e-01 1.759938340824419856e-01
5.534737808126162228e-01 -2.165352207115202876e-01
5.597632555945777355e-01 -5.756864678068214225e-01
5.660527303765392482e-01 -8.460985612714617687e-01
5.723422051585007608e-01 -9.860888463142478688e-01
5.786316799404623845e-01 -9.740785294322874543e-01
5.849211547224238972e-01 -8.119189401504895987e-01
5.912106295043854098e-01 -5.246061579507713679e-01
5.975001042863470335e-01 -1.564279932046401256e-01
6.037895790683085462e-01 2.358627545139541926e-01
6.100790538502700588e-01 5.917964530764345810e-01
6.163685286322316825e-01 8.565077253628571308e-01
6.226580034141931952e-01 9.891926692966441781e-01
6.289474781961547079e-01 9.693985727112804929e-01
6.352369529781163315e-01 8.001765953544598409e-01
6.415264277600778442e-01 5.076114480646430893e-01
6.478159025420393569e-01 1.368005666930492692e-01
6.541053773240008695e-01 -2.550974292511490882e-01
6.603948521059624932e-01 -6.076734483364106820e-01
6.666843268879240059e-01 -8.665796827302880700e-01
6.729738016698855185e-01 -9.919070475495905814e-01
6.792632764518471422e-01 -9.643369641881538445e-01
6.855527512338086549e-01 -7.881192213761905041e-01
6.918422260157701675e-01 -4.904168917692346419e-01
6.981317007977317912e-01 -1.171192818570369193e-01
7.044211755796933039e-01 2.742316722399142370e-01
7.107106503616548165e-01 6.233112028205116673e-01
7.170001251436164402e-01 8.763104680484754549e-01
7.232895999255779529e-01 9.942309124235342299e-01
7.295790747075394655e-01 9.588956966160147033e-01
7.358685494895010892e-01 7.757515651986388594e-01
7.421580242714626019e-01 4.730292585539569439e-01
7.484474990534241146e-01 9.739188721001913740e-02
7.547369738353857382e-01 -2.932579503369815432e-01
7.610264486173472509e-01 -6.387035599515296092e-01
7.673159233993087636e-01 -8.856962503114039764e-01
7.736053981812702762e-01 -9.961633490138697145e-01
7.798948729632318999e-01 -9.530769122195699161e-01
7.861843477451934126e-01 -7.630784959627353592e-01
7.924738225271549252e-01 -4.554553939225646220e-01
7.987632973091165489e-01 -7.762614941879661390e-02
8.050527720910780616e-01 3.121687729048350790e-01
8.113422468730395742e-01 6.538444597650499013e-01
8.176317216550011979e-01 8.947333343406310702e-01
8.239211964369627106e-01 9.977035965211416002e-01
8.302106712189242232e-01 9.468829018517394003e-01
8.365001460008858469e-01 7.501050030503955135e-01
8.427896207828473596e-01 4.377022166980160112e-01
8.490790955648088723e-01 5.782985024585644840e-02
8.553685703467703849e-01 -3.309566947607442966e-01
8.616580451287320086e-01 -6.687279412953237578e-01
8.679475199106935213e-01 -9.034181622400423439e-01
8.742369946926550339e-01 -9.988510485505670555e-01
8.805264694746166576e-01 -9.403161040917448199e-01
8.868159442565781703e-01 -7.368361941202261622e-01
8.931054190385396829e-01 -4.197767162985667766e-01
8.993948938205013066e-01 -3.801078348568157073e-02
9.056843686024628193e-01 3.496143191079428281e-01
9.119738433844243319e-01 6.833481449220430992e-01
9.182633181663859556e-01 9.117473147966330682e-01
9.245527929483474683e-01 9.996052533507747695e-01
9.308422677303089809e-01 9.333791042850538844e-01
9.371317425122706046e-01 7.232772930965906122e-01
9.434212172942321173e-01 4.016859499860259697e-01
9.497106920761936300e-01 1.817675189636549712e-02
9.560001668581552536e-01 -3.681343004477176661e-01
9.622896416401167663e-01 -6.976993146773343701e-01
9.685791164220782790e-01 -9.197175128266062982e-01
9.748685912040397916e-01 -9.999659139916579065e-01
9.811580659860014153e-01 -9.260746335255037875e-01
9.874475407679629280e-01 -7.094336381130184055e-01
9.937370155499244406e-01 -3.834370400873479134e-01
1.000026490331886064e+00 1.664435872372724973e-03
1.006315965113847577e+00 3.865093474713687804e-01
1.012605439895809090e+00 7.117758005118074438e-01
1.018894914677770602e+00 9.273256184664206980e-01
1.025184389459732115e+00 9.999328884812774820e-01
1.031473864241693850e+00 9.184055675801060525e-01
1.037763339023655362e+00 6.953106794105263777e-01
1.044052813805616875e+00 3.650371711905031069e-01
1.050342288587578388e+00 -2.150496835341508123e-02
1.056631763369539900e+00 -4.047322259307674086e-01
1.062921238151501413e+00 -7.255720605190296713e-01
1.069210712933463148e+00 -9.345686364081555730e-01
1.075500187715424660e+00 -9.995061898217620922e-01
1.081789662497386173e+00 -9.103749257568302111e-01
1.088079137279347686e+00 -6.809139771919059392e-01
1.094368612061309198e+00 -3.464935873160006619e-01
1.100658086843270711e+00 4.133703433765135993e-02
1.106947561625232446e+00 4.227957614864963354e-01
1.113237036407193958e+00 7.390826631173751382e-01
1.119526511189155471e+00 9.414437150787399178e-01
1.125815985971116984e+00 9.986859860041914505e-01
1.132105460753078496e+00 9.019858697159159888e-01
1.138394935535040009e+00 6.662491994326485978e-01
1.144684410317001522e+00 3.278135890648486983e-01
1.150973885098963256e+00 -6.115282594922036991e-02
1.157263359880924769e+00 -4.406928425323194398e-01
1.163552834662886282e+00 -7.523022891883742735e-01
1.169842309444847794e+00 -9.479481477626663377e-01
1.176131784226809307e+00 -9.974725999424566281e-01
1.182421259008770820e+00 -8.932417022251272209e-01
1.188710733790732554e+00 -6.513221196494338727e-01
1.195000208572694067e+00 -3.090045307443297085e-01
1.201289683354655580e+00 8.094454171943900322e-02
1.207579158136617092e+00 4.584164229951470659e-01
1.213868632918578605e+00 7.652257341709246541e-01
1.220158107700540118e+00 9.540793736675730052e-01
1.226447582482501630e+00 9.958665093461306350e-01
1.232737057264463365e+00 8.841458658594463227e-01
1.239026532046424878e+00 6.361386146271991171e-01
1.245316006828386390e+00 2.900738174726742447e-01
1.251605481610347903e+00 -1.007043896583151299e-01
1.257894956392309416e+00 -4.759595251089430712e-01
1.264184431174270928e+00 -7.778479101102823146e-01
1.270473905956232663e+00 -9.598349789324560621e-01
1.276763380738194176e+00 -9.938683465323880917e-01
1.283052855520155688e+00 -8.747019416457605390e-01
1.289342330302117201e+00 -6.207046621053459168e-01
1.295631805084078714e+00 -2.710289022635338774e-01
1.301921279866040226e+00 1.204245903221939640e-01
1.308210754648001739e+00 4.933152421619328987e-01
1.314500229429963474e+00 7.901638476611957396e-01
1.320789704211924986e+00 9.652126975779842244e-01
1.327079178993886499e+00 9.914788981770755738e-01
1.333368653775848012e+00 8.649136476529812878e-01
1.339658128557809524e+00 6.050263384243597109e-01
1.345947603339771037e+00 2.518772830918679650e-01
1.352237078121732772e+00 -1.400973798765499378e-01
1.358526552903694284e+00 -5.104767412157721340e-01
1.364816027685655797e+00 -8.021686980443359927e-01
1.371105502467617310e+00 -9.702104123986383666e-01
1.377394977249578822e+00 -9.886991050049837026e-01
1.383684452031540335e+00 -8.547848375282394162e-01
1.389973926813502070e+00 -5.891098161335347472e-01
1.396263401595463582e+00 -2.326264999419128399e-01
1.402552876377425095e+00 1.597150131525346684e-01
1.408842351159386608e+00 5.274372657956224453e-01
1.415131825941348120e+00 8.138577349552581497e-01
1.421421300723309633e+00 9.748261557962349944e-01
1.427710775505271146e+00 9.855300614194916209e-01
1.434000250287232880e+00 8.443194989797341288e-01
1.440289725069194393e+00 5.729613615608900590e-01
1.446579199851155906e+00 2.132841318387619090e-01
1.452868674633117418e+00 -1.792697666963873337e-01
1.459158149415078931e+00 -5.441901385502467825e-01
1.465447624197040444e+00 -8.252263564251461903e-01
1.471737098979002178e+00 -9.790581105545885787e-01
1.478026573760963691e+00 -9.819730150716965422e-01
1.484316048542925204e+00 -8.335217522067763785e-01
1.490605523324886716e+00 -5.565873323460622801e-01
1.496894998106848229e+00 -1.938577938644240051e-01
1.503184472888809742e+00 1.987539418100144062e-01
1.509473947670771476e+00 5.607287638808301500e-01
1.515763422452732989e+00 8.362700866326132632e-01
1.522052897234694502e+00 9.829046105549170687e-01
1.528342372016656014e+00 9.780293663692243289e-01
1.534631846798617527e+00 8.223958482776302370e-01
1.540921321580579040e+00 5.399941749373038391e-01
1.547210796362540552e+00 1.743551341598240101e-01
1.553500271144502287e+00 -2.181598675820479172e-01
1.559789745926463800e+00 -5.770466305376763527e-01
1.566079220708425312e+00 -8.469845776657997094e-01
1.572368695490386825e+00 -9.863641414318240486e-01
1.578658170272348338e+00 -9.737006679248778607e-01
1.584947645054309850e+00 -8.109461674558984257e-01
1.591237119836271585e+00 -5.231884220535663044e-01
1.597526594618233098e+00 -1.547838309137191948e-01
1.603816069400194610e+00 2.374799039078105412e-01
1.610105544182156123e+00 5.931373141836844276e-01
1.616395018964117636e+00 8.573656112341838664e-01
1.622684493746079148e+00 9.894353411694876144e-01
1.628973968528040661e+00 9.689886239453709971e-01
1.635263443310002396e+00 7.991772174759991243e-01
1.641552918091963909e+00 5.061766901125729357e-01
1.647842392873925421e+00 1.351515893397997603e-01
1.654131867655886934e+00 -2.567064444973047865e-01
1.660421342437848446e+00 -6.089944799236073347e-01
1.666710817219809959e+00 -8.674091003293191715e-01
1.673000292001771694e+00 -9.921170006378907669e-01
1.679289766783733207e+00 -9.638950895603957125e-01
1.685579241565694719e+00 -7.870936317685151007e-01
1.691868716347656232e+00 -4.889656766258771436e-01
1.698158191129617745e+00 -1.154661386431493769e-01
1.704447665911579257e+00 2.758319198697367636e-01
1.710737140693540770e+00 6.246118847980973721e-01
1.717026615475502505e+00 8.771110908338577428e-01
1.723316090257464017e+00 9.944080640688476302e-01
1.729605565039425530e+00 9.584220700922612135e-01
1.735895039821387043e+00 7.747001676359287492e-01
1.742184514603348555e+00 4.715621575621037898e-01
1.748473989385310068e+00 9.573522897726045866e-02
1.754763464167271803e+00 -2.948488003336999230e-01
1.761052938949233315e+00 -6.399833802415676454e-01
1.767342413731194828e+00 -8.864677630782868967e-01
1.773631888513156341e+00 -9.963076294716692871e-01
1.779921363295117853e+00 -9.525717202663800398e-01
1.786210838077079366e+00 -7.620017043797597811e-01
1.792500312859041101e+00 -4.539729846792405210e-01
1.798789787641002613e+00 -7.596662839278800483e-02
1.805079262422964126e+00 3.137495989514744732e-01
1.811368737204925639e+00 6.551029145028358647e-01
1.817658211986887151e+00 8.954754333447660919e-01
1.823947686768848664e+00 9.978149489882743861e-01
1.830237161550810177e+00 9.463463433629685229e-01
1.836526636332771911e+00 7.490032413795338906e-01
1.842816111114733424e+00 4.362050828271040737e-01
1.849105585896694937e+00 5.616811977932792410e-02
1.855395060678656449e+00 -3.325268744867684867e-01
1.861684535460617962e+00 -6.699645350277513289e-01
1.867974010242579475e+00 -9.041305553173764054e-01
1.874263485024541209e+00 -9.989294291876152920e-01
1.880552959806502722e+00 -9.397483903102420433e-01
1.886842434588464235e+00 -7.357098961245753799e-01
1.893131909370425747e+00 -4.182654472210295404e-01
1.899421384152387260e+00 -3.634749780121186713e-02
1.905710858934348773e+00 3.511732343342607865e-01
1.912000333716310507e+00 6.845623908027221871e-01
1.918289808498272020e+00 9.124297214783169130e-01
1.924579283280233533e+00 9.996506312993141963e-01
1.930868758062195045e+00 9.327804587194865604e-01
1.937158232844156558e+00 7.221269021991979509e-01
1.943447707626118071e+00 4.001611406878572974e-01
1.949737182408079583e+00 1.651256582882200744e-02
1.956026657190041318e+00 -3.696813374300936261e-01
1.962316131972002831e+00 -6.988907346581618718e-01
1.968605606753964343e+00 -9.203696644494137047e-01
1.974895081535925856e+00 -9.999782713864099337e-01
1.981184556317887369e+00 -9.254452918623793378e-01
1.987474031099848881e+00 -7.082596072222917538e-01
1.993763505881810616e+00 -3.818992908852880674e-01
2.000052980663772129e+00 3.328867133677708336e-03
2.006342455445733641e+00 3.880438971419932770e-01
2.012631930227695154e+00 7.129439255312534085e-01
2.018921405009656667e+00 9.279472582785434076e-01
2.025210879791618179e+00 9.999122204571408989e-01
2.031500354573579692e+00 9.177457775909647619e-01
2.037789829355541205e+00 6.941134707419087668e-01
2.044079304137502717e+00 3.634870874957924491e-01
2.050368778919464230e+00 -2.316898952258686015e-02
2.056658253701426187e+00 -4.062536841380935959e-01
2.062947728483387699e+00 -7.267164306867798240e-01
2.069237203265349212e+00 -9.351595196702712220e-01
2.075526678047310725e+00 -9.994525045157292009e-01
2.081816152829272237e+00 -9.096849472007015880e-01
2.088105627611233750e+00 -6.796940620859412974e-01
2.094395102393195263e+00 -3.449317793959050804e-01
2.100684577175156775e+00 4.299999029027674197e-02
2.106974051957118288e+00 4.243035292330679109e-01
2.113263526739079801e+00 7.402028278953710627e-01
2.119553001521041313e+00 9.420036091603517514e-01
2.125842476303002826e+00 9.985993045521457390e-01
2.132131951084964339e+00 9.012659742370796589e-01
2.138421425866926295e+00 6.650070581693590110e-01
2.144710900648887808e+00 3.262406718024492003e-01
2.151000375430849321e+00 -6.281406198026855126e-02
2.157289850212810833e+00 -4.421863262106472958e-01
2.163579324994772346e+00 -7.533978075682331577e-01
2.169868799776733859e+00 -9.484768322337197022e-01
2.176158274558695371e+00 -9.973529564708455419e-01
2.182447749340656884e+00 -8.924921732460995294e-01
2.188737224122618397e+00 -6.500582412593653991e-01
2.195026698904579909e+00 -3.074211233965448709e-01
2.201316173686541422e+00 8.260340380095486379e-02
2.207605648468502935e+00 4.598950346213098173e-01
2.213895123250464891e+00 7.662961748475489721e-01
2.220184598032426404e+00 9.545766403852269377e-01
2.226474072814387917e+00 9.957139509585377635e-01
2.232763547596349429e+00 8.833669984694837440e-01
2.239053022378310942e+00 6.348534966986997263e-01
2.245342497160272455e+00 2.884805434262163737e-01
2.251631971942233967e+00 -1.023602246970656132e-01
2.257921446724195480e+00 -4.774226825542284280e-01
2.264210921506156993e+00 -7.788928516516002709e-01
2.270500396288118505e+00 -9.603006321229963227e-01
2.276789871070080018e+00 -9.936829332909909995e-01
2.283079345852041531e+00 -8.738940424846138866e-01
2.289368820634003043e+00 -6.193988105887926476e-01
2.295658295415965000e+00 -2.694263887897519472e-01
2.301947770197926513e+00 1.220767464166064853e-01
2.308237244979888025e+00 4.947623693818571922e-01
2.314526719761849538e+00 7.911828786741892383e-01
2.320816194543811051e+00 9.656465539139695853e-01
2.327105669325772563e+00 9.912607030789800655e-01
2.333395144107734076e+00 8.640770347901963744e-01
2.339684618889695589e+00 6.037002674329342566e-01
2.345974093671657101e+00 2.502661610996564923e-01
2.352263568453618614e+00 -1.417452065734649824e-01
2.358553043235580127e+00 -5.119072684769575554e-01
2.364842518017541639e+00 -8.031614173369323595e-01
2.371131992799503152e+00 -9.706123010710008270e-01
2.377421467581465109e+00 -9.884482139535095691e-01
2.383710942363426621e+00 -8.539198403379484326e-01
2.390000417145388134e+00 -5.877640477408059283e-01
2.396289891927349647e+00 -2.310074037292676741e-01
2.402579366709311159e+00 1.613578617033168683e-01
2.408868841491272672e+00 5.288506299001125566e-01
2.415158316273234185e+00 8.148237516942978820e-01
2.421447791055195697e+00 9.751959185815934905e-01
2.427737265837157210e+00 9.852465731903382595e-01
2.434026740619118723e+00 8.434264580109672726e-01
2.440316215401080235e+00 5.715964255953313033e-01
2.446605690183041748e+00 2.116576988432087303e-01
2.452895164965003261e+00 -1.809069903122251244e-01
2.459184639746965217e+00 -5.455857830572239386e-01
2.465474114528926730e+00 -8.261652902902697493e-01
2.471763589310888243e+00 -9.793956018774799821e-01
2.478053064092849755e+00 -9.816570412740607265e-01
2.484342538874811268e+00 -8.326010190493724483e-01
2.490632013656772781e+00 -5.552037661823427950e-01
2.496921488438734293e+00 -1.922246644118797698e-01
2.503210963220695806e+00 2.003848959167286448e-01
2.509500438002657319e+00 5.621061393256030492e-01
2.515789912784618831e+00 8.371815679659209142e-01
2.522079387566580344e+00 9.832096975451503074e-01
2.528368862348541857e+00 9.776810314018521408e-01
2.534658337130503369e+00 8.214477854238383392e-01
2.540947811912465326e+00 5.385925232848163269e-01
2.547237286694426839e+00 1.727159512126811569e-01
2.553526761476388351e+00 -2.197839100736648232e-01
2.559816236258349864e+00 -5.784051946481473250e-01
2.566105711040311377e+00 -8.478682476175207761e-01
2.572395185822272889e+00 -9.866367039767923730e-01
2.578684660604234402e+00 -9.733201089270931972e-01
2.584974135386195915e+00 -8.099711481576572503e-01
2.591263610168157427e+00 -5.217692367420248001e-01
2.597553084950118940e+00 -1.531392398176007197e-01
2.603842559732080453e+00 2.390963953995119406e-01
2.610132034514041965e+00 5.944765320937461794e-01
2.616421509296003478e+00 8.582211219038147210e-01
2.622710984077965435e+00 9.896752719614289040e-01
2.629000458859926947e+00 9.685759907430909754e-01
2.635289933641888460e+00 7.981756255979793879e-01
2.641579408423849973e+00 5.047405298745651914e-01
2.647868883205811485e+00 1.335022375695145147e-01
2.654158357987772998e+00 -2.583147485770840301e-01
2.660447832769734511e+00 -6.103138243837432642e-01
2.666737307551696023e+00 -8.682361149026838198e-01
2.673026782333657536e+00 -9.923242052161532767e-01
2.679316257115619049e+00 -9.634505446071389700e-01
2.685605731897580561e+00 -7.860658616370265195e-01
2.691895206679542074e+00 -4.875131068771218490e-01
2.698184681461504031e+00 -1.138126755477815583e-01
2.704474156243465544e+00 2.774314033490086762e-01
2.710763631025427056e+00 6.259108363829817279e-01
2.717053105807388569e+00 8.779092837156802220e-01
2.723342580589350082e+00 9.945824608570799086e-01
2.729632055371311594e+00 9.579457884051814087e-01
2.735921530153273107e+00 7.736466238836225973e-01
2.742211004935234619e+00 4.700937501786379702e-01
2.748500479717196132e+00 9.407830552452127459e-02
2.754789954499157645e+00 -2.964388334964231375e-01
2.761079429281119157e+00 -6.412614275544636921e-01
2.767368904063080670e+00 -8.872368200203520905e-01
2.773658378845042183e+00 -9.964491498099319333e-01
2.779947853627004140e+00 -9.520638893573645234e-01
2.786237328408965652e+00 -7.609228017863407523e-01
2.792526803190927165e+00 -4.524893177724458870e-01
2.798816277972888678e+00 -7.430689691274397490e-02
2.805105752754850190e+00 3.153295558023160861e-01
2.811395227536811703e+00 6.563595543771194585e-01
2.817684702318773216e+00 8.962150515697120401e-01
2.823974177100734728e+00 9.979235371600694293e-01
2.830263651882696241e+00 9.458071631648453659e-01
2.836553126664657754e+00 7.478994047085364416e-01
2.842842601446619266e+00 4.347067405160306985e-01
2.849132076228580779e+00 5.450623370753642644e-02
2.855421551010542291e+00 -3.340961329973942129e-01
2.861711025792504248e+00 -6.711992727248320412e-01
2.868000500574465761e+00 -9.048404436378122417e-01
2.874289975356427274e+00 -9.990050424418254194e-01
2.880579450138388786e+00 -9.391780730980057168e-01
2.886868924920350299e+00 -7.345815599559762932e-01
2.893158399702311812e+00 -4.167530194023512102e-01
2.899447874484273324e+00 -3.468411142150627097e-02
2.905737349266234837e+00 3.527311766882684219e-01
2.912026824048196350e+00 6.857747402068566922e-01
2.918316298830157862e+00 9.131096004115096809e-01
2.924605773612119375e+00 9.996932398670346220e-01
2.930895248394080888e+00 9.321792290267981729e-01
2.937184723176042400e+00 7.209745107585011636e-01
2.943474197958004357e+00 3.986352228037829404e-01
2.949763672739965870e+00 1.484833401569205652e-02
2.956053147521927382e+00 -3.712273502662600255e-01
2.962342622303888895e+00 -7.000802184679619788e-01
2.968632097085850408e+00 -9.210192663273306657e-01
2.974921571867811920e+00 -9.999878584926658043e-01
2.981211046649773433e+00 -9.248133863931011778e-01
2.987500521431734946e+00 -7.070836142054636175e-01
2.993789996213696458e+00 -3.803604836890469576e-01
3.000079470995657971e+00 4.993289172852876691e-03
3.006368945777619484e+00 3.895773717956887428e-01
3.012658420559580996e+00 7.141100754474127843e-01
3.018947895341542953e+00 9.285663273531982176e-01
3.025237370123504466e+00 9.998887823274922315e-01
3.031526844905465978e+00 9.170834451259975983e-01
3.037816319687427491e+00 6.929143391369350091e-01
3.044105794469389004e+00 3.619359968150911988e-01
3.050395269251350516e+00 -2.483294650559302388e-02
3.056684744033312029e+00 -4.077740168810572996e-01
3.062974218815273542e+00 -7.278587875966168186e-01
3.069263693597235054e+00 -9.357478122144248234e-01
3.075553168379196567e+00 -9.993960503777588045e-01
3.081842643161158080e+00 -9.089924485000812071e-01
3.088132117943119592e+00 -6.784722639904313679e-01
3.094421592725081105e+00 -3.433690158944922577e-01
3.100711067507043062e+00 4.466282711797786575e-02
3.107000542289004574e+00 4.258101215109251769e-01
3.113290017070966087e+00 7.413209420534405680e-01
3.119579491852927600e+00 9.425608935635019225e-01
3.125868966634889112e+00 9.985098566318214575e-01
3.132158441416850625e+00 9.005435819372057393e-01
3.138447916198812138e+00 6.637630746046782049e-01
3.144737390980773650e+00 3.246668507396716641e-01
3.151026865762735163e+00 -6.447512399443393327e-02
3.157316340544696676e+00 -4.436785848786393149e-01
3.163605815326658188e+00 -7.544912387734707959e-01
3.169895290108619701e+00 -9.490028890932260541e-01
3.176184764890581214e+00 -9.972305499837781362e-01
3.182474239672543170e+00 -8.917401717525470506e-01
3.188763714454504683e+00 -6.487925619812876521e-01
3.195053189236466196e+00 -3.058368643850259416e-01
3.201342664018427708e+00 8.426203704229569269e-02
3.207632138800389221e+00 4.613723721779154352e-01
3.213921613582350734e+00 7.673644926165401614e-01
3.220211088364312246e+00 9.550712625927212374e-01
3.226500563146273759e+00 9.955586340961072311e-01
3.232790037928235272e+00 8.825856838449190889e-01
3.239079512710196784e+00 6.335666200046351504e-01
3.245368987492158297e+00 2.868864701881032042e-01
3.251658462274119810e+00 -1.040157761622732130e-01
3.257947937056081322e+00 -4.788845173721846815e-01
3.264237411838043279e+00 -7.799356353881343740e-01
3.270526886620004792e+00 -9.607636249459524658e-01
3.276816361401966304e+00 -9.934947672013730857e-01
3.283105836183927817e+00 -8.730837223322427398e-01
3.289395310965889330e+00 -6.180912431215435099e-01
3.295684785747850842e+00 -2.678231289109673230e-01
3.301974260529812355e+00 1.237285643158360371e-01
3.308263735311773868e+00 4.962081259374986342e-01
3.314553210093735380e+00 7.921997178347383040e-01
3.320842684875696893e+00 9.660777350722801193e-01
3.327132159657658406e+00 9.910397618430962785e-01
3.333421634439619918e+00 8.632380281327428628e-01
3.339711109221581431e+00 6.023725239812512955e-01
3.346000584003543388e+00 2.486543457828717385e-01
3.352290058785504900e+00 -1.433926405867464726e-01
3.358579533567466413e+00 -5.133363775765236170e-01
3.364869008349427926e+00 -8.041519115923552175e-01
3.371158483131389438e+00 -9.710115008088514577e-01
3.377447957913350951e+00 -9.881945845558188779e-01
3.383737432695312464e+00 -8.530524774919446829e-01
3.390026907477273976e+00 -5.864166510367392338e-01
3.396316382259235489e+00 -2.293876675455913949e-01
3.402605857041197002e+00 1.630002632365298854e-01
3.408895331823158514e+00 5.302625289039398782e-01
3.415184806605120027e+00 8.157875110874311941e-01
3.421474281387081540e+00 9.755629797342050269e-01
3.427763756169043496e+00 9.849603554846294573e-01
3.434053230951005009e+00 8.425310804568080236e-01
3.440342705732966522e+00 5.702299061083393461e-01
3.446632180514928034e+00 2.100306794819708778e-01
3.452921655296889547e+00 -1.825437127526748637e-01
3.459211130078851060e+00 -5.469799161013049194e-01
3.465500604860812572e+00 -8.271019353894378812e-01
3.471790079642774085e+00 -9.797303799330410179e-01
3.478079554424735598e+00 -9.813383479441273316e-01
3.484369029206697110e+00 -8.316779792968166385e-01
3.490658503988658623e+00 -5.538186619105840425e-01
3.496947978770620136e+00 -1.905910024300158101e-01
3.503237453552582092e+00 2.020152948874086030e-01
3.509526928334543605e+00 5.634819575403799963e-01
3.515816403116505118e+00 8.380907300143823901e-01
3.522105877898466630e+00 9.835120607016943906e-01
3.528395352680428143e+00 9.773299879171104543e-01
3.534684827462389656e+00 8.204974468732403325e-01
3.540974302244351168e+00 5.371893795432722829e-01
3.547263777026312681e+00 1.710762897821568318e-01
3.553553251808274194e+00 -2.214073436872278089e-01
3.559842726590235706e+00 -5.797621563745555262e-01
3.566132201372197219e+00 -8.487495686785361260e-01
3.572421676154158732e+00 -9.869065331940537478e-01
3.578711150936120244e+00 -9.729368534932245627e-01
3.585000625718082201e+00 -8.089938849568968360e-01
3.591290100500043714e+00 -5.203486059477123726e-01
3.597579575282005226e+00 -1.514942244723895270e-01
3.603869050063966739e+00 2.407122245108408998e-01
3.610158524845928252e+00 5.958141030965361518e-01
3.616447999627889764e+00 8.590742550016904344e-01
3.622737474409851277e+00 9.899124610077749686e-01
3.629026949191812790e+00 9.681606742475821203e-01
3.635316423973774302e+00 7.971718224951763743e-01
3.641605898755735815e+00 5.033029713293153407e-01
3.647895373537697328e+00 1.318525159515081813e-01
3.654184848319658840e+00 -2.599223370349236784e-01
3.660474323101620353e+00 -6.116314780617853053e-01
3.666763797883582310e+00 -8.690607241592842591e-01
3.673053272665543822e+00 -9.925286607103537273e-01
3.679342747447505335e+00 -9.630033305599223770e-01
3.685632222229466848e+00 -7.850359138289976224e-01
3.691921697011428360e+00 -4.860591865470437201e-01
3.698211171793389873e+00 -1.121588971516169209e-01
3.704500646575351386e+00 2.790301182465005914e-01
3.710790121357312898e+00 6.272080539765659823e-01
3.717079596139274411e+00 8.787050444826532969e-01
3.723369070921235924e+00 9.947541023050913145e-01
3.729658545703197436e+00 9.574668528742357188e-01
3.735948020485158949e+00 7.725909368603949279e-01
3.742237495267120462e+00 4.686240404715913965e-01
3.748526970049082419e+00 9.242112144207141611e-02
3.754816444831043931e+00 -2.980280454202253182e-01
3.761105919613005444e+00 -6.425376983496243755e-01
3.767395394394966956e+00 -8.880034190070795752e-01
3.773684869176928469e+00 -9.965879096365957146e-01
3.779974343958889982e+00 -9.515534208994114174e-01
3.786263818740851494e+00 -7.598417911714607786e-01
3.792553293522813007e+00 -4.510043973124869265e-01
3.798842768304774520e+00 -7.264695957667109683e-02
3.805132243086736032e+00 3.169086390803487197e-01
3.811421717868697545e+00 6.576143759065486982e-01
3.817711192650659058e+00 8.969521869664495162e-01
3.824000667432621015e+00 9.980293607356985897e-01
3.830290142214582527e+00 9.452653627510804180e-01
3.836579616996544040e+00 7.467934960953636070e-01
3.842869091778505553e+00 4.332071939156561524e-01
3.849158566560467065e+00 5.284419663445748955e-02
3.855448041342428578e+00 -3.356644659452483470e-01
3.861737516124390091e+00 -6.724321509658539586e-01
3.868026990906351603e+00 -9.055478252346964574e-01
3.874316465688313116e+00 -9.990778881037236658e-01
3.880605940470274628e+00 -9.386051540350376365e-01
3.886895415252236141e+00 -7.334511887403326602e-01
3.893184890034197654e+00 -4.152394370325165895e-01
3.899474364816159166e+00 -3.302062895473217852e-02
3.905763839598121123e+00 3.542881418539619576e-01
3.912053314380082636e+00 6.869851897758780801e-01
3.918342789162044149e+00 9.137869497127210083e-01
3.924632263944005661e+00 9.997330789358959136e-01
3.930921738725967174e+00 9.315754168725968176e-01
3.937211213507928687e+00 7.198201219669918549e-01
3.943500688289890199e+00 3.971082005611404897e-01
3.949790163071851712e+00 1.318406106749938841e-02
3.956079637853813225e+00 -3.727723346731957599e-01
3.962369112635774737e+00 -7.012677628114242223e-01
3.968658587417736250e+00 -9.216663166607168556e-01
3.974948062199697763e+00 -9.999946752838658748e-01
3.981237536981659275e+00 -9.241789188682623113e-01
3.987527011763621232e+00 -7.059056623204796876e-01
3.993816486545582745e+00 -3.788206227616242039e-01
4.000105961327544257e+00 6.657697378890127353e-03
4.006395436109505326e+00 3.911097671842218571e-01
4.012684910891467283e+00 7.152742470296985511e-01
4.018974385673428351e+00 9.291828239753321395e-01
4.025263860455390308e+00 9.998625741572638725e-01
4.031553335237352265e+00 9.164185720201133423e-01
4.037842810019313333e+00 6.917132879176488558e-01
4.044132284801275290e+00 3.603839034454746071e-01
4.050421759583236359e+00 -2.649683469267832131e-02
4.056711234365198315e+00 -4.092932199478067634e-01
4.063000709147159384e+00 -7.289991280837941900e-01
4.069290183929121341e+00 -9.363335124108608243e-01
4.075579658711082409e+00 -9.993368275642464660e-01
4.081869133493044366e+00 -9.082974315734083648e-01
4.088158608275005435e+00 -6.772485862901514997e-01
4.094448083056967391e+00 -3.418053011412021114e-01
4.100737557838928460e+00 4.632554021398913036e-02
4.107027032620890417e+00 4.273155341462692713e-01
4.113316507402852373e+00 7.424370024940077917e-01
4.119605982184813442e+00 9.431155667443135160e-01
4.125895456966775399e+00 9.984176424910218284e-01
4.132184931748736467e+00 8.998186948176222222e-01
4.138474406530698424e+00 6.625172521847892959e-01
4.144763881312659493e+00 3.230921302365088454e-01
4.151053356094621449e+00 -6.613600739008061724e-02
4.157342830876582518e+00 -4.451696144022440627e-01
4.163632305658544475e+00 -7.555825797748919603e-01
4.169921780440505543e+00 -9.495263168838199430e-01
4.176211255222467500e+00 -9.971053808203589330e-01
4.182500730004428569e+00 -8.909856998277891904e-01
4.188790204786390525e+00 -6.475250853216062419e-01
4.195079679568352482e+00 -3.042517580987227355e-01
4.201369154350313551e+00 8.592043684832746664e-02
4.207658629132275507e+00 4.628484315721480558e-01
4.213948103914236576e+00 7.684306845183312973e-01
4.220237578696198533e+00 9.555632389198008836e-01
4.226527053478159601e+00 9.954005591891142979e-01
4.232816528260121558e+00 8.818019241502462746e-01
4.239106003042082627e+00 6.322779881101356914e-01
4.245395477824044583e+00 2.852916021743781005e-01
4.251684952606005652e+00 -1.056710394675113990e-01
4.257974427387967609e+00 -4.803450255130944924e-01
4.264263902169928677e+00 -7.809762584309656308e-01
4.270553376951890634e+00 -9.612239561186410874e-01
4.276842851733852591e+00 -9.933038487848262488e-01
4.283132326515813659e+00 -8.722709834335373724e-01
4.289421801297775616e+00 -6.167819633260051004e-01
4.295711276079736685e+00 -2.662191270687278566e-01
4.302000750861698641e+00 1.253800394438557009e-01
4.308290225643659710e+00 4.976525078235580768e-01
4.314579700425621667e+00 7.932143623258353093e-01
4.320869175207582735e+00 9.665062398584083336e-01
4.327158649989544692e+00 9.908160750815008244e-01
4.333448124771505761e+00 8.623966300049328293e-01
4.339737599553467717e+00 6.010431117476571217e-01
4.346027074335428786e+00 2.470418416069279366e-01
4.352316549117390743e+00 -1.450396773524136596e-01
4.358606023899352699e+00 -5.147640645553275274e-01
4.364895498681313768e+00 -8.051401780665816688e-01
4.371184973463275725e+00 -9.714080105062609105e-01
4.377474448245236793e+00 -9.879382175145579037e-01
4.383763923027198750e+00 -8.521827513931109488e-01
4.390053397809159819e+00 -5.850676297540705617e-01
4.396342872591121775e+00 -2.277672958780350698e-01
4.402632347373082844e+00 1.646422132021768958e-01
4.408921822155044801e+00 5.316729588957120889e-01
4.415211296937005869e+00 8.167490104646675242e-01
4.421500771718967826e+00 9.759273382371980166e-01
4.427790246500929783e+00 9.846714090952833898e-01
4.434079721282890851e+00 8.416333687977874956e-01
4.440369196064852808e+00 5.688618068856493570e-01
4.446658670846813877e+00 2.084030782625982126e-01
4.452948145628775833e+00 -1.841799294833607603e-01
4.459237620410736902e+00 -5.483725338203145894e-01
4.465527095192698859e+00 -8.280362891278573167e-01
4.471816569974659927e+00 -9.800624437938312283e-01
4.478106044756621884e+00 -9.810169359647799014e-01
4.484395519538582953e+00 -8.307526355062746504e-01
4.490684994320544909e+00 -5.524320233679960168e-01
4.496974469102505978e+00 -1.889568124446175945e-01
4.503263943884467935e+00 2.036451342052806313e-01
4.509553418666429891e+00 5.648562147136527711e-01
4.515842893448390960e+00 8.389975702592862294e-01
4.522132368230352917e+00 9.838116991868772754e-01
4.528421843012313985e+00 9.769762368875211100e-01
4.534711317794275942e+00 8.195448352585974483e-01
4.541000792576237011e+00 5.357847475998334108e-01
4.547290267358198967e+00 1.694361544106008366e-01
4.553579742140160036e+00 -2.230301639251904278e-01
4.559869216922121993e+00 -5.811175119576321713e-01
4.566158691704083061e+00 -8.496285384073090086e-01
4.572448166486045018e+00 -9.871736283360964537e-01
4.578737641268006087e+00 -9.725509026850098770e-01
4.585027116049968043e+00 -8.080143805610021657e-01
4.591316590831930000e+00 -5.189265336063442202e-01
4.597606065613891069e+00 -1.498487894353517091e-01
4.603895540395853025e+00 2.423273867653735480e-01
4.610185015177814094e+00 5.971500234865050327e-01
4.616474489959776051e+00 8.599250081643274868e-01
4.622763964741737119e+00 9.901469076514255452e-01
4.629053439523699076e+00 9.677426756094227311e-01
4.635342914305660145e+00 7.961658109484577306e-01
4.641632389087622101e+00 5.018640184592880749e-01
4.647921863869583170e+00 1.302024290560567787e-01
4.654211338651545127e+00 -2.615292054173118386e-01
4.660500813433506195e+00 -6.129474373073171556e-01
4.666790288215468152e+00 -8.698829258146163479e-01
4.673079762997430109e+00 -9.927303665540805344e-01
4.679369237779391177e+00 -9.625534486576963200e-01
4.685658712561353134e+00 -7.840037911977340013e-01
4.691948187343314203e+00 -4.846039196635588686e-01
4.698237662125276159e+00 -1.105048080361982488e-01
4.704527136907237228e+00 2.806280601332967195e-01
4.710816611689199185e+00 6.285035339851604563e-01
4.717106086471160253e+00 8.794983709302693908e-01
4.723395561253122210e+00 9.949229879373795438e-01
4.729685036035083279e+00 9.569852648262549000e-01
4.735974510817045235e+00 7.715331094908577381e-01
4.742263985599006304e+00 4.671530325125472505e-01
4.748553460380968261e+00 9.076368132088867557e-02
4.754842935162930218e+00 -2.996164317024216928e-01
4.761132409944891286e+00 -6.438121890913129919e-01
4.767421884726853243e+00 -8.887675579146707694e-01
4.773711359508814311e+00 -9.967239085672454646e-01
4.780000834290776268e+00 -9.510403163066659671e-01
4.786290309072737337e+00 -7.587586755298686425e-01
4.792579783854699293e+00 -4.495182274130350986e-01
4.798869258636660362e+00 -7.098682098324549106e-02
4.805158733418622319e+00 3.184868444109476004e-01
4.811448208200583387e+00 6.588673756148732963e-01
4.817737682982545344e+00 8.976868374928816952e-01
4.824027157764506413e+00 9.981324194219920454e-01
4.830316632546468369e+00 9.447209436226634560e-01
4.836606107328430326e+00 7.456855186038245931e-01
4.842895582110391395e+00 4.317064471803241932e-01
4.849185056892353352e+00 5.118201316452752198e-02
4.855474531674314420e+00 -3.372318689854882368e-01
4.861764006456276377e+00 -6.736631663353670474e-01
4.868053481238237445e+00 -9.062526981483596256e-01
4.874342956020199402e+00 -9.991479659715001294e-01
4.880632430802160471e+00 -9.380296347085089748e-01
4.886921905584122428e+00 -7.323187856091091241e-01
4.893211380366083496e+00 -4.137247043046508033e-01
4.899500855148045453e+00 -3.135705500924503702e-02
4.905790329930006521e+00 3.558441255178588225e-01
4.912079804711968478e+00 6.881937361563362776e-01
4.918369279493930435e+00 9.144617675054630412e-01
4.924658754275891503e+00 9.997701483955291346e-01
4.930948229057853460e+00 9.309690239296474212e-01
4.937237703839814529e+00 7.186637390227690325e-01
4.943527178621776486e+00 3.955800781903140440e-01
4.949816653403737554e+00 1.151975159486038833e-02
4.956106128185699511e+00 -3.743162863708081600e-01
4.962395602967660579e+00 -7.024533643986773379e-01
4.968685077749622536e+00 -9.223108136570393745e-01
4.974974552531583605e+00 -9.999987217411254736e-01
4.981264027313545562e+00 -9.235418910455752695e-01
4.987553502095506630e+00 -7.047257548307079844e-01
4.993842976877468587e+00 -3.772797123689847210e-01
5.000132451659430544e+00 8.322087140784152279e-03
5.006421926441391612e+00 3.926410790623753311e-01
5.012711401223353569e+00 7.164364370528699677e-01
5.019000876005314637e+00 9.297967464370555657e-01
5.025290350787276594e+00 9.998335960190601890e-01
5.031579825569237663e+00 9.157511601152598102e-01
5.037869300351199620e+00 6.905103204113192117e-01
5.044158775133160688e+00 3.588308116868355602e-01
5.050448249915122645e+00 -2.816064947429228540e-02
5.056737724697083713e+00 -4.108112891295937485e-01
5.063027199479045670e+00 -7.301374489892100694e-01
5.069316674261006739e+00 -9.369166186369655147e-01
5.075606149042968696e+00 -9.992748362392621653e-01
5.081895623824930652e+00 -9.075998983461220915e-01
5.088185098606891721e+00 -6.760230323751155179e-01
5.094474573388853678e+00 -3.402406394679896029e-01
5.100764048170814746e+00 4.798812497218582496e-02
5.107053522952776703e+00 4.288197629685566170e-01
5.113342997734737772e+00 7.435510061251774383e-01
5.119632472516699728e+00 9.436676271661390558e-01
5.125921947298660797e+00 9.983226623852139436e-01
5.132211422080622754e+00 8.990913148864698723e-01
5.138500896862583822e+00 6.612695943611827110e-01
5.144790371644545779e+00 3.215165146554318509e-01
5.151079846426506847e+00 -6.779670756581229751e-02
5.157369321208468804e+00 -4.466594106508408046e-01
5.163658795990430761e+00 -7.566718275491202128e-01
5.169948270772391830e+00 -9.500471141554149845e-01
5.176237745554353786e+00 -9.969774493273499960e-01
5.182527220336314855e+00 -8.902287595619632343e-01
5.188816695118276812e+00 -6.462558147916084295e-01
5.195106169900237880e+00 -3.026658089290135689e-01
5.201395644682199837e+00 8.757859862487436808e-02
5.207685119464160906e+00 4.643232087148084775e-01
5.213974594246122862e+00 7.694947475991624763e-01
5.220264069028083931e+00 9.560525680035031337e-01
5.226553543810045888e+00 9.952397266754871019e-01
5.232843018592006956e+00 8.810157215567798739e-01
5.239132493373968913e+00 6.309876045850947301e-01
5.245421968155930870e+00 2.836959438034906134e-01
5.251711442937891938e+00 -1.073260100271801465e-01
5.258000917719853895e+00 -4.818042029307413876e-01
5.264290392501814964e+00 -7.820147178972941537e-01
5.270579867283776920e+00 -9.616816243658158347e-01
5.276869342065737989e+00 -9.931101785702743934e-01
5.283158816847699946e+00 -8.714558280400261925e-01
5.289448291629661014e+00 -6.154709748294507898e-01
5.295737766411622971e+00 -2.646143877066231553e-01
5.302027241193584040e+00 1.270311672253906787e-01
5.308316715975545996e+00 4.990955110387174654e-01
5.314606190757507953e+00 7.942268093365784098e-01
5.320895665539469022e+00 9.669320670852319388e-01
5.327185140321430978e+00 9.905896434138838913e-01
5.333474615103392047e+00 8.615528427377614484e-01
5.339764089885354004e+00 5.997120344150190796e-01
5.346053564667315072e+00 2.454286530388588017e-01
5.352343039449277029e+00 -1.466863123075722863e-01
5.358632514231238098e+00 -5.161903254581542422e-01
5.364921989013200054e+00 -8.061262140217521077e-01
5.371211463795161123e+00 -9.718018290647524315e-01
5.377500938577123080e+00 -9.876791135399394239e-01
5.383790413359084148e+00 -8.513106644509660370e-01
5.390079888141046105e+00 -5.837169876300128957e-01
5.396369362923008062e+00 -2.261462932157038697e-01
5.402658837704969130e+00 1.662837070515399696e-01
5.408948312486931087e+00 5.330819159679979213e-01
5.415237787268892156e+00 8.177082471624000926e-01
5.421527262050854112e+00 9.762889930811723405e-01
5.427816736832815181e+00 9.843797348228069399e-01
5.434106211614777138e+00 8.407333255208339073e-01
5.440395686396738206e+00 5.674921317174904667e-01
5.446685161178700163e+00 2.067748996939469119e-01
5.452974635960661232e+00 -1.858156359713920291e-01
5.459264110742623188e+00 -5.497636323561686522e-01
5.465553585524584257e+00 -8.289683489170103226e-01
5.471843060306546214e+00 -9.803917925399067146e-01
5.478132535088508170e+00 -9.806928062264416157e-01
5.484422009870469239e+00 -8.298249902412238033e-01
5.490711484652431196e+00 -5.510438543961220237e-01
5.497000959434392264e+00 -1.873220989829053329e-01
5.503290434216354221e+00 2.052744093550936400e-01
5.509579908998315290e+00 5.662289070382267031e-01
5.515869383780277246e+00 8.399020861883841338e-01
5.522158858562238315e+00 9.841086121706061896e-01
5.528448333344200272e+00 9.766197792930797483e-01
5.534737808126161340e+00 8.185899532190574757e-01
5.541027282908123297e+00 5.343786313457717929e-01
5.547316757690084366e+00 1.677955496418721271e-01
5.553606232472046322e+00 -2.246523662919132358e-01
5.559895707254008279e+00 -5.824712576425926658e-01
5.566185182035969348e+00 -8.505051543687569549e-01
5.572474656817931304e+00 -9.874379886629736092e-01
5.578764131599892373e+00 -9.721622575716807324e-01
5.585053606381854330e+00 -8.070326376834916493e-01
5.591343081163815398e+00 -5.175030236575568487e-01
5.597632555945777355e+00 -1.482029392649442112e-01
5.603922030727738424e+00 2.439418776885196594e-01
5.610211505509700380e+00 5.984842895626646397e-01
5.616500980291661449e+00 8.607733790348284231e-01
5.622790455073623406e+00 9.903786112428936139e-01
5.629079929855584474e+00 9.673219959866079520e-01
5.635369404637546431e+00 7.951575937447917797e-01
5.641658879419508388e+00 5.004236752509829689e-01
5.647948354201469456e+00 1.285519814544199835e-01
5.654237828983431413e+00 -2.631353492726077881e-01
5.660527303765392482e+00 -6.142616984747852893e-01
5.666816778547354438e+00 -8.707027175909506367e-01
5.673106253329315507e+00 -9.929293221885213683e-01
5.679395728111277464e+00 -9.621009001467674127e-01
5.685685202893238532e+00 -7.829694966026635727e-01
5.691974677675200489e+00 -4.831473102581892443e-01
5.698264152457161558e+00 -1.088504127839574342e-01
5.704553627239123514e+00 2.822252245824862782e-01
5.710843102021084583e+00 6.297972728197895886e-01
5.717132576803046540e+00 8.802892608607105762e-01
5.723422051585008496e+00 9.950891172860724110e-01
5.729711526366969565e+00 9.565010255953808604e-01
5.736001001148931522e+00 7.704731447056160087e-01
5.742290475930892590e+00 4.656807303766603012e-01
5.748579950712854547e+00 8.910598975268840816e-02
5.754869425494815616e+00 -3.012039879426012812e-01
5.761158900276777572e+00 -6.450848962487674143e-01
5.767448375058738641e+00 -8.895292346262203553e-01
5.773737849840700598e+00 -9.968571462251233362e-01
5.780027324622661666e+00 -9.505245770006593986e-01
5.786316799404623623e+00 -7.576734578621351357e-01
5.792606274186584692e+00 -4.480308121914515218e-01
5.798895748968546648e+00 -6.932648573148818272e-02
5.805185223750508605e+00 3.200641674219605881e-01
5.811474698532469674e+00 6.601185500308043297e-01
5.817764173314431631e+00 8.984190011137703769e-01
5.824053648096392699e+00 9.982327129334429561e-01
5.830343122878354656e+00 9.441739072877974870e-01
5.836632597660315724e+00 7.445754753034035112e-01
5.842922072442277681e+00 4.302045044676266472e-01
5.849211547224238750e+00 4.951968790260272146e-02
5.855501022006200706e+00 -3.387983377758342907e-01
5.861790496788161775e+00 -6.748923154229874433e-01
5.868079971570123732e+00 -9.069550604260580018e-01
5.874369446352084800e+00 -9.992152758510161048e-01
5.880658921134046757e+00 -9.374515167127889237e-01
5.886948395916008714e+00 -7.311843536995344950e-01
5.893237870697969782e+00 -4.122088254150398368e-01
5.899527345479931739e+00 -2.969339419383838080e-02
5.905816820261892808e+00 3.573991233695543168e-01
5.912106295043854765e+00 6.894003760002188619e-01
5.918395769825815833e+00 9.151340519201976997e-01
5.924685244607777790e+00 9.998044481432405428e-01
5.930974719389738858e+00 9.303600518779220341e-01
5.937264194171700815e+00 7.175053651293572532e-01
5.943553668953661884e+00 3.940508599247615762e-01
5.949843143735623840e+00 9.855410208521046128e-03
5.956132618517584909e+00 -3.758592010817598528e-01
5.962422093299546866e+00 -7.036370199451510432e-01
5.968711568081508823e+00 -9.229527555308164599e-01
5.975001042863469891e+00 -9.999999978532342348e-01
5.981290517645431848e+00 -9.229023046897966154e-01
5.987579992427392916e+00 -7.035438950048025220e-01
5.993869467209354873e+00 -3.757377567800139206e-01
6.000158941991315942e+00 9.986453847566531886e-03
6.006448416773277899e+00 3.941713031877767115e-01
6.012737891555238967e+00 7.175966422972951397e-01
6.019027366337200924e+00 9.304080930375892011e-01
6.025316841119161992e+00 9.998018479931636282e-01
6.031606315901123949e+00 9.150812112603433635e-01
6.037895790683085906e+00 6.893054399506677310e-01
6.044185265465046974e+00 3.572767258416471026e-01
6.050474740247008931e+00 -2.982438624111622208e-02
6.056764215028970000e+00 -4.123282202208632952e-01
6.063053689810931957e+00 -7.312737471593185878e-01
6.069343164592893025e+00 -9.374971292773414122e-01
6.075632639374854982e+00 -9.992100765745401958e-01
6.081922114156816050e+00 -9.068998507506684792e-01
6.088211588938778007e+00 -6.747956056405979286e-01
6.094501063720739076e+00 -3.386750352096200567e-01
6.100790538502701033e+00 4.965057678648650274e-02
6.107080013284662101e+00 4.303228038105745834e-01
6.113369488066624058e+00 7.446629498608277054e-01
6.119658962848586015e+00 9.442170732996068017e-01
6.125948437630547083e+00 9.982249165775209931e-01
6.132237912412509040e+00 8.983614441588940736e-01
6.138527387194470109e+00 6.600201045901350483e-01
6.144816861976432065e+00 3.199400083615528412e-01
6.151106336758393134e+00 -6.945721992113729204e-02
6.157395811540355091e+00 -4.481479694971233774e-01
6.163685286322316159e+00 -7.577589790784664547e-01
6.169974761104278116e+00 -9.505652794652478255e-01
6.176264235886239184e+00 -9.968467558591773692e-01
6.182553710668201141e+00 -8.894693530520317859e-01
6.188843185450162210e+00 -6.449847539077027125e-01
6.195132660232124167e+00 -3.010790212694765544e-01
6.201422135014086123e+00 8.923651777816510311e-02
6.207711609796047192e+00 4.657966995202750815e-01
6.214001084578009149e+00 7.705566789112625603e-01
6.220290559359970217e+00 9.565392484882407897e-01
6.226580034141932174e+00 9.950761370007792372e-01
6.232869508923893243e+00 8.802270782425346551e-01
6.239158983705855199e+00 6.296954730044129755e-01
6.245448458487816268e+00 2.820994994959162838e-01
6.251737933269778225e+00 -1.089806832563208761e-01
6.258027408051739293e+00 -4.832620455827448813e-01
6.264316882833701250e+00 -7.830510109101718186e-01
6.270606357615662318e+00 -9.621366284195294050e-01
6.276895832397624275e+00 -9.929137570942251356e-01
6.283185307179586232e+00 -8.706382584100296196e-01
