# Duration	Amplitude
-5.000000000000000000e+00 0.000000000000000000e+00
-4.989989989989989994e+00 0.000000000000000000e+00
-4.979979979979979987e+00 0.000000000000000000e+00
-4.969969969969969981e+00 0.000000000000000000e+00
-4.959959959959959974e+00 0.000000000000000000e+00
-4.949949949949949968e+00 0.000000000000000000e+00
-4.939939939939939961e+00 0.000000000000000000e+00
-4.929929929929929955e+00 0.000000000000000000e+00
-4.919919919919919948e+00 0.000000000000000000e+00
-4.909909909909909942e+00 0.000000000000000000e+00
-4.899899899899899935e+00 0.000000000000000000e+00
-4.889889889889889929e+00 0.000000000000000000e+00
-4.879879879879879923e+00 0.000000000000000000e+00
-4.869869869869869916e+00 0.000000000000000000e+00
-4.859859859859859910e+00 0.000000000000000000e+00
-4.849849849849849903e+00 0.000000000000000000e+00
-4.839839839839839897e+00 0.000000000000000000e+00
-4.829829829829829890e+00 0.000000000000000000e+00
-4.819819819819819884e+00 0.000000000000000000e+00
-4.809809809809809877e+00 0.000000000000000000e+00
-4.799799799799799871e+00 0.000000000000000000e+00
-4.789789789789789864e+00 0.000000000000000000e+00
-4.779779779779779858e+00 0.000000000000000000e+00
-4.769769769769769852e+00 0.000000000000000000e+00
-4.759759759759759845e+00 0.000000000000000000e+00
-4.749749749749749839e+00 0.000000000000000000e+00
-4.739739739739739832e+00 0.000000000000000000e+00
-4.729729729729729826e+00 0.000000000000000000e+00
-4.719719719719719819e+00 0.000000000000000000e+00
-4.709709709709709813e+00 0.000000000000000000e+00
-4.699699699699699806e+00 0.000000000000000000e+00
-4.689689689689689800e+00 0.000000000000000000e+00
-4.679679679679679793e+00 0.000000000000000000e+00
-4.669669669669669787e+00 0.000000000000000000e+00
-4.659659659659659781e+00 0.000000000000000000e+00
-4.649649649649649774e+00 0.000000000000000000e+00
-4.639639639639639768e+00 0.000000000000000000e+00
-4.629629629629629761e+00 0.000000000000000000e+00
-4.619619619619619755e+00 0.000000000000000000e+00
-4.609609609609609748e+00 0.000000000000000000e+00
-4.599599599599599742e+00 0.000000000000000000e+00
-4.589589589589589735e+00 0.000000000000000000e+00
-4.579579579579579729e+00 0.000000000000000000e+00
-4.569569569569569722e+00 0.000000000000000000e+00
-4.559559559559559716e+00 0.000000000000000000e+00
-4.549549549549549710e+00 0.000000000000000000e+00
-4.539539539539539703e+00 0.000000000000000000e+00
-4.529529529529529697e+00 0.000000000000000000e+00
-4.519519519519519690e+00 0.000000000000000000e+00
-4.509509509509509684e+00 0.000000000000000000e+00
-4.499499499499499677e+00 0.000000000000000000e+00
-4.489489489489489671e+00 0.000000000000000000e+00
-4.479479479479479664e+00 0.000000000000000000e+00
-4.469469469469469658e+00 0.000000000000000000e+00
-4.459459459459459651e+00 0.000000000000000000e+00
-4.449449449449449645e+00 0.000000000000000000e+00
-4.439439439439439639e+00 0.000000000000000000e+00
-4.429429429429429632e+00 0.000000000000000000e+00
-4.419419419419419626e+00 0.000000000000000000e+00
-4.409409409409409619e+00 0.000000000000000000e+00
-4.399399399399399613e+00 0.000000000000000000e+00
-4.389389389389389606e+00 0.000000000000000000e+00
-4.379379379379379600e+00 0.000000000000000000e+00
-4.369369369369369593e+00 0.000000000000000000e+00
-4.359359359359359587e+00 0.000000000000000000e+00
-4.349349349349349581e+00 0.000000000000000000e+00
-4.339339339339339574e+00 0.000000000000000000e+00
-4.329329329329329568e+00 0.000000000000000000e+00
-4.319319319319319561e+00 0.000000000000000000e+00
-4.309309309309309555e+00 0.000000000000000000e+00
-4.299299299299299548e+00 0.000000000000000000e+00
-4.289289289289289542e+00 0.000000000000000000e+00
-4.279279279279279535e+00 0.000000000000000000e+00
-4.269269269269269529e+00 0.000000000000000000e+00
-4.259259259259259522e+00 0.000000000000000000e+00
-4.249249249249249516e+00 0.000000000000000000e+00
-4.239239239239239510e+00 0.000000000000000000e+00
-4.229229229229229503e+00 0.000000000000000000e+00
-4.219219219219219497e+00 0.000000000000000000e+00
-4.209209209209209490e+00 0.000000000000000000e+00
-4.199199199199199484e+00 0.000000000000000000e+00
-4.189189189189189477e+00 0.000000000000000000e+00
-4.179179179179179471e+00 0.000000000000000000e+00
-4.169169169169169464e+00 0.000000000000000000e+00
-4.159159159159159458e+00 0.000000000000000000e+00
-4.149149149149149451e+00 0.000000000000000000e+00
-4.139139139139139445e+00 0.000000000000000000e+00
-4.129129129129129439e+00 0.000000000000000000e+00
-4.119119119119119432e+00 0.000000000000000000e+00
-4.109109109109109426e+00 0.000000000000000000e+00
-4.099099099099099419e+00 0.000000000000000000e+00
-4.089089089089089413e+00 0.000000000000000000e+00
-4.079079079079079406e+00 0.000000000000000000e+00
-4.069069069069069400e+00 0.000000000000000000e+00
-4.059059059059059393e+00 0.000000000000000000e+00
-4.049049049049049387e+00 0.000000000000000000e+00
-4.039039039039039380e+00 0.000000000000000000e+00
-4.029029029029029374e+00 0.000000000000000000e+00
-4.019019019019019368e+00 0.000000000000000000e+00
-4.009009009009009361e+00 0.000000000000000000e+00
-3.998998998998998911e+00 0.000000000000000000e+00
-3.988988988988988904e+00 0.000000000000000000e+00
-3.978978978978978898e+00 0.000000000000000000e+00
-3.968968968968968891e+00 0.000000000000000000e+00
-3.958958958958958885e+00 0.000000000000000000e+00
-3.948948948948948878e+00 0.000000000000000000e+00
-3.938938938938938872e+00 0.000000000000000000e+00
-3.928928928928928865e+00 0.000000000000000000e+00
-3.918918918918918859e+00 0.000000000000000000e+00
-3.908908908908908852e+00 0.000000000000000000e+00
-3.898898898898898846e+00 0.000000000000000000e+00
-3.888888888888888840e+00 0.000000000000000000e+00
-3.878878878878878833e+00 0.000000000000000000e+00
-3.868868868868868827e+00 0.000000000000000000e+00
-3.858858858858858820e+00 0.000000000000000000e+00
-3.848848848848848814e+00 0.000000000000000000e+00
-3.838838838838838807e+00 0.000000000000000000e+00
-3.828828828828828801e+00 0.000000000000000000e+00
-3.818818818818818794e+00 0.000000000000000000e+00
-3.808808808808808788e+00 0.000000000000000000e+00
-3.798798798798798781e+00 0.000000000000000000e+00
-3.788788788788788775e+00 0.000000000000000000e+00
-3.778778778778778769e+00 0.000000000000000000e+00
-3.768768768768768762e+00 0.000000000000000000e+00
-3.758758758758758756e+00 0.000000000000000000e+00
-3.748748748748748749e+00 0.000000000000000000e+00
-3.738738738738738743e+00 0.000000000000000000e+00
-3.728728728728728736e+00 0.000000000000000000e+00
-3.718718718718718730e+00 0.000000000000000000e+00
-3.708708708708708723e+00 0.000000000000000000e+00
-3.698698698698698717e+00 0.000000000000000000e+00
-3.688688688688688710e+00 0.000000000000000000e+00
-3.678678678678678704e+00 0.000000000000000000e+00
-3.668668668668668698e+00 0.000000000000000000e+00
-3.658658658658658691e+00 0.000000000000000000e+00
-3.648648648648648685e+00 0.000000000000000000e+00
-3.638638638638638678e+00 0.000000000000000000e+00
-3.628628628628628672e+00 0.000000000000000000e+00
-3.618618618618618665e+00 0.000000000000000000e+00
-3.608608608608608659e+00 0.000000000000000000e+00
-3.598598598598598652e+00 0.000000000000000000e+00
-3.588588588588588646e+00 0.000000000000000000e+00
-3.578578578578578639e+00 0.000000000000000000e+00
-3.568568568568568633e+00 0.000000000000000000e+00
-3.558558558558558627e+00 0.000000000000000000e+00
-3.548548548548548620e+00 0.000000000000000000e+00
-3.538538538538538614e+00 0.000000000000000000e+00
-3.528528528528528607e+00 0.000000000000000000e+00
-3.518518518518518601e+00 0.000000000000000000e+00
-3.508508508508508594e+00 0.000000000000000000e+00
-3.498498498498498588e+00 0.000000000000000000e+00
-3.488488488488488581e+00 0.000000000000000000e+00
-3.478478478478478575e+00 0.000000000000000000e+00
-3.468468468468468568e+00 0.000000000000000000e+00
-3.458458458458458562e+00 0.000000000000000000e+00
-3.448448448448448556e+00 0.000000000000000000e+00
-3.438438438438438549e+00 0.000000000000000000e+00
-3.428428428428428543e+00 0.000000000000000000e+00
-3.418418418418418536e+00 0.000000000000000000e+00
-3.408408408408408530e+00 0.000000000000000000e+00
-3.398398398398398523e+00 0.000000000000000000e+00
-3.388388388388388073e+00 0.000000000000000000e+00
-3.378378378378378066e+00 0.000000000000000000e+00
-3.368368368368368060e+00 0.000000000000000000e+00
-3.358358358358358053e+00 0.000000000000000000e+00
-3.348348348348348047e+00 0.000000000000000000e+00
-3.338338338338338041e+00 0.000000000000000000e+00
-3.328328328328328034e+00 0.000000000000000000e+00
-3.318318318318318028e+00 0.000000000000000000e+00
-3.308308308308308021e+00 0.000000000000000000e+00
-3.298298298298298015e+00 0.000000000000000000e+00
-3.288288288288288008e+00 0.000000000000000000e+00
-3.278278278278278002e+00 0.000000000000000000e+00
-3.268268268268267995e+00 0.000000000000000000e+00
-3.258258258258257989e+00 0.000000000000000000e+00
-3.248248248248247982e+00 0.000000000000000000e+00
-3.238238238238237976e+00 0.000000000000000000e+00
-3.228228228228227970e+00 0.000000000000000000e+00
-3.218218218218217963e+00 0.000000000000000000e+00
-3.208208208208207957e+00 0.000000000000000000e+00
-3.198198198198197950e+00 0.000000000000000000e+00
-3.188188188188187944e+00 0.000000000000000000e+00
-3.178178178178177937e+00 0.000000000000000000e+00
-3.168168168168167931e+00 0.000000000000000000e+00
-3.158158158158157924e+00 0.000000000000000000e+00
-3.148148148148147918e+00 0.000000000000000000e+00
-3.138138138138137911e+00 0.000000000000000000e+00
-3.128128128128127905e+00 0.000000000000000000e+00
-3.118118118118117899e+00 0.000000000000000000e+00
-3.108108108108107892e+00 0.000000000000000000e+00
-3.098098098098097886e+00 0.000000000000000000e+00
-3.088088088088087879e+00 0.000000000000000000e+00
-3.078078078078077873e+00 0.000000000000000000e+00
-3.068068068068067866e+00 0.000000000000000000e+00
-3.058058058058057860e+00 0.000000000000000000e+00
-3.048048048048047853e+00 0.000000000000000000e+00
-3.038038038038037847e+00 0.000000000000000000e+00
-3.028028028028027840e+00 0.000000000000000000e+00
-3.018018018018017834e+00 0.000000000000000000e+00
-3.008008008008007828e+00 0.000000000000000000e+00
-2.997997997997997821e+00 0.000000000000000000e+00
-2.987987987987987815e+00 0.000000000000000000e+00
-2.977977977977977808e+00 0.000000000000000000e+00
-2.967967967967967802e+00 0.000000000000000000e+00
-2.957957957957957795e+00 0.000000000000000000e+00
-2.947947947947947789e+00 0.000000000000000000e+00
-2.937937937937937782e+00 0.000000000000000000e+00
-2.927927927927927776e+00 0.000000000000000000e+00
-2.917917917917917769e+00 0.000000000000000000e+00
-2.907907907907907763e+00 0.000000000000000000e+00
-2.897897897897897757e+00 0.000000000000000000e+00
-2.887887887887887750e+00 0.000000000000000000e+00
-2.877877877877877744e+00 0.000000000000000000e+00
-2.867867867867867737e+00 0.000000000000000000e+00
-2.857857857857857731e+00 0.000000000000000000e+00
-2.847847847847847724e+00 0.000000000000000000e+00
-2.837837837837837718e+00 0.000000000000000000e+00
-2.827827827827827711e+00 0.000000000000000000e+00
-2.817817817817817705e+00 0.000000000000000000e+00
-2.807807807807807698e+00 0.000000000000000000e+00
-2.797797797797797692e+00 0.000000000000000000e+00
-2.787787787787787686e+00 0.000000000000000000e+00
-2.777777777777777679e+00 0.000000000000000000e+00
-2.767767767767767673e+00 0.000000000000000000e+00
-2.757757757757757666e+00 0.000000000000000000e+00
-2.747747747747747660e+00 0.000000000000000000e+00
-2.737737737737737653e+00 0.000000000000000000e+00
-2.727727727727727647e+00 0.000000000000000000e+00
-2.717717717717717640e+00 0.000000000000000000e+00
-2.707707707707707634e+00 0.000000000000000000e+00
-2.697697697697697627e+00 0.000000000000000000e+00
-2.687687687687687621e+00 0.000000000000000000e+00
-2.677677677677677615e+00 0.000000000000000000e+00
-2.667667667667667608e+00 0.000000000000000000e+00
-2.657657657657657602e+00 0.000000000000000000e+00
-2.647647647647647595e+00 0.000000000000000000e+00
-2.637637637637637589e+00 0.000000000000000000e+00
-2.627627627627627582e+00 0.000000000000000000e+00
-2.617617617617617576e+00 0.000000000000000000e+00
-2.607607607607607569e+00 0.000000000000000000e+00
-2.597597597597597563e+00 0.000000000000000000e+00
-2.587587587587587556e+00 0.000000000000000000e+00
-2.577577577577577550e+00 0.000000000000000000e+00
-2.567567567567567544e+00 0.000000000000000000e+00
-2.557557557557557537e+00 0.000000000000000000e+00
-2.547547547547547531e+00 0.000000000000000000e+00
-2.537537537537537524e+00 0.000000000000000000e+00
-2.527527527527527518e+00 0.000000000000000000e+00
-2.517517517517517511e+00 0.000000000000000000e+00
-2.507507507507507505e+00 0.000000000000000000e+00
-2.497497497497497498e+00 0.000000000000000000e+00
-2.487487487487487492e+00 0.000000000000000000e+00
-2.477477477477477485e+00 0.000000000000000000e+00
-2.467467467467467479e+00 0.000000000000000000e+00
-2.457457457457457473e+00 0.000000000000000000e+00
-2.447447447447447466e+00 0.000000000000000000e+00
-2.437437437437437460e+00 0.000000000000000000e+00
-2.427427427427427453e+00 0.000000000000000000e+00
-2.417417417417417447e+00 0.000000000000000000e+00
-2.407407407407407440e+00 0.000000000000000000e+00
-2.397397397397397434e+00 0.000000000000000000e+00
-2.387387387387387427e+00 0.000000000000000000e+00
-2.377377377377377421e+00 0.000000000000000000e+00
-2.367367367367367414e+00 0.000000000000000000e+00
-2.357357357357357408e+00 0.000000000000000000e+00
-2.347347347347347402e+00 0.000000000000000000e+00
-2.337337337337337395e+00 0.000000000000000000e+00
-2.327327327327327389e+00 0.000000000000000000e+00
-2.317317317317317382e+00 0.000000000000000000e+00
-2.307307307307307376e+00 0.000000000000000000e+00
-2.297297297297297369e+00 0.000000000000000000e+00
-2.287287287287287363e+00 0.000000000000000000e+00
-2.277277277277277356e+00 0.000000000000000000e+00
-2.267267267267267350e+00 0.000000000000000000e+00
-2.257257257257257343e+00 0.000000000000000000e+00
-2.247247247247247337e+00 0.000000000000000000e+00
-2.237237237237237331e+00 0.000000000000000000e+00
-2.227227227227227324e+00 0.000000000000000000e+00
-2.217217217217217318e+00 0.000000000000000000e+00
-2.207207207207207311e+00 0.000000000000000000e+00
-2.197197197197197305e+00 0.000000000000000000e+00
-2.187187187187187298e+00 0.000000000000000000e+00
-2.177177177177177292e+00 0.000000000000000000e+00
-2.167167167167167285e+00 0.000000000000000000e+00
-2.157157157157157279e+00 0.000000000000000000e+00
-2.147147147147147273e+00 0.000000000000000000e+00
-2.137137137137137266e+00 0.000000000000000000e+00
-2.127127127127127260e+00 0.000000000000000000e+00
-2.117117117117117253e+00 0.000000000000000000e+00
-2.107107107107107247e+00 0.000000000000000000e+00
-2.097097097097097240e+00 0.000000000000000000e+00
-2.087087087087087234e+00 0.000000000000000000e+00
-2.077077077077077227e+00 0.000000000000000000e+00
-2.067067067067067221e+00 0.000000000000000000e+00
-2.057057057057057214e+00 0.000000000000000000e+00
-2.047047047047047208e+00 0.000000000000000000e+00
-2.037037037037037202e+00 0.000000000000000000e+00
-2.027027027027027195e+00 0.000000000000000000e+00
-2.017017017017017189e+00 0.000000000000000000e+00
-2.007007007007007182e+00 0.000000000000000000e+00
-1.996996996996997176e+00 0.000000000000000000e+00
-1.986986986986987169e+00 0.000000000000000000e+00
-1.976976976976977163e+00 0.000000000000000000e+00
-1.966966966966967156e+00 0.000000000000000000e+00
-1.956956956956957150e+00 0.000000000000000000e+00
-1.946946946946947143e+00 0.000000000000000000e+00
-1.936936936936937137e+00 0.000000000000000000e+00
-1.926926926926927131e+00 0.000000000000000000e+00
-1.916916916916917124e+00 0.000000000000000000e+00
-1.906906906906907118e+00 0.000000000000000000e+00
-1.896896896896897111e+00 0.000000000000000000e+00
-1.886886886886887105e+00 0.000000000000000000e+00
-1.876876876876877098e+00 0.000000000000000000e+00
-1.866866866866867092e+00 0.000000000000000000e+00
-1.856856856856857085e+00 0.000000000000000000e+00
-1.846846846846847079e+00 0.000000000000000000e+00
-1.836836836836837072e+00 0.000000000000000000e+00
-1.826826826826827066e+00 0.000000000000000000e+00
-1.816816816816817060e+00 0.000000000000000000e+00
-1.806806806806807053e+00 0.000000000000000000e+00
-1.796796796796797047e+00 0.000000000000000000e+00
-1.786786786786786596e+00 0.000000000000000000e+00
-1.776776776776776590e+00 0.000000000000000000e+00
-1.766766766766766583e+00 0.000000000000000000e+00
-1.756756756756756577e+00 0.000000000000000000e+00
-1.746746746746746570e+00 0.000000000000000000e+00
-1.736736736736736564e+00 0.000000000000000000e+00
-1.726726726726726557e+00 0.000000000000000000e+00
-1.716716716716716551e+00 0.000000000000000000e+00
-1.706706706706706544e+00 0.000000000000000000e+00
-1.696696696696696538e+00 0.000000000000000000e+00
-1.686686686686686532e+00 0.000000000000000000e+00
-1.676676676676676525e+00 0.000000000000000000e+00
-1.666666666666666519e+00 0.000000000000000000e+00
-1.656656656656656512e+00 0.000000000000000000e+00
-1.646646646646646506e+00 0.000000000000000000e+00
-1.636636636636636499e+00 0.000000000000000000e+00
-1.626626626626626493e+00 0.000000000000000000e+00
-1.616616616616616486e+00 0.000000000000000000e+00
-1.606606606606606480e+00 0.000000000000000000e+00
-1.596596596596596473e+00 0.000000000000000000e+00
-1.586586586586586467e+00 0.000000000000000000e+00
-1.576576576576576461e+00 0.000000000000000000e+00
-1.566566566566566454e+00 0.000000000000000000e+00
-1.556556556556556448e+00 0.000000000000000000e+00
-1.546546546546546441e+00 0.000000000000000000e+00
-1.536536536536536435e+00 0.000000000000000000e+00
-1.526526526526526428e+00 0.000000000000000000e+00
-1.516516516516516422e+00 0.000000000000000000e+00
-1.506506506506506415e+00 0.000000000000000000e+00
-1.496496496496496409e+00 0.000000000000000000e+00
-1.486486486486486402e+00 0.000000000000000000e+00
-1.476476476476476396e+00 0.000000000000000000e+00
-1.466466466466466390e+00 0.000000000000000000e+00
-1.456456456456456383e+00 0.000000000000000000e+00
-1.446446446446446377e+00 0.000000000000000000e+00
-1.436436436436436370e+00 0.000000000000000000e+00
-1.426426426426426364e+00 0.000000000000000000e+00
-1.416416416416416357e+00 0.000000000000000000e+00
-1.406406406406406351e+00 0.000000000000000000e+00
-1.396396396396396344e+00 0.000000000000000000e+00
-1.386386386386386338e+00 0.000000000000000000e+00
-1.376376376376376331e+00 0.000000000000000000e+00
-1.366366366366366325e+00 0.000000000000000000e+00
-1.356356356356356319e+00 0.000000000000000000e+00
-1.346346346346346312e+00 0.000000000000000000e+00
-1.336336336336336306e+00 0.000000000000000000e+00
-1.326326326326326299e+00 0.000000000000000000e+00
-1.316316316316316293e+00 0.000000000000000000e+00
-1.306306306306306286e+00 0.000000000000000000e+00
-1.296296296296296280e+00 0.000000000000000000e+00
-1.286286286286286273e+00 0.000000000000000000e+00
-1.276276276276276267e+00 0.000000000000000000e+00
-1.266266266266266260e+00 0.000000000000000000e+00
-1.256256256256256254e+00 0.000000000000000000e+00
-1.246246246246246248e+00 0.000000000000000000e+00
-1.236236236236236241e+00 0.000000000000000000e+00
-1.226226226226226235e+00 0.000000000000000000e+00
-1.216216216216216228e+00 0.000000000000000000e+00
-1.206206206206206222e+00 0.000000000000000000e+00
-1.196196196196196215e+00 0.000000000000000000e+00
-1.186186186186186209e+00 0.000000000000000000e+00
-1.176176176176176202e+00 0.000000000000000000e+00
-1.166166166166166196e+00 0.000000000000000000e+00
-1.156156156156156189e+00 0.000000000000000000e+00
-1.146146146146146183e+00 0.000000000000000000e+00
-1.136136136136136177e+00 0.000000000000000000e+00
-1.126126126126126170e+00 0.000000000000000000e+00
-1.116116116116116164e+00 0.000000000000000000e+00
-1.106106106106106157e+00 0.000000000000000000e+00
-1.096096096096096151e+00 0.000000000000000000e+00
-1.086086086086086144e+00 0.000000000000000000e+00
-1.076076076076076138e+00 0.000000000000000000e+00
-1.066066066066066131e+00 0.000000000000000000e+00
-1.056056056056056125e+00 0.000000000000000000e+00
-1.046046046046046119e+00 0.000000000000000000e+00
-1.036036036036036112e+00 0.000000000000000000e+00
-1.026026026026026106e+00 0.000000000000000000e+00
-1.016016016016016099e+00 0.000000000000000000e+00
-1.006006006006006093e+00 0.000000000000000000e+00
-9.959959959959956421e-01 1.000000000000000000e+00
-9.859859859859856357e-01 1.000000000000000000e+00
-9.759759759759756292e-01 1.000000000000000000e+00
-9.659659659659656228e-01 1.000000000000000000e+00
-9.559559559559556163e-01 1.000000000000000000e+00
-9.459459459459456099e-01 1.000000000000000000e+00
-9.359359359359356034e-01 1.000000000000000000e+00
-9.259259259259255970e-01 1.000000000000000000e+00
-9.159159159159155905e-01 1.000000000000000000e+00
-9.059059059059055841e-01 1.000000000000000000e+00
-8.958958958958955776e-01 1.000000000000000000e+00
-8.858858858858855712e-01 1.000000000000000000e+00
-8.758758758758755647e-01 1.000000000000000000e+00
-8.658658658658655582e-01 1.000000000000000000e+00
-8.558558558558555518e-01 1.000000000000000000e+00
-8.458458458458455453e-01 1.000000000000000000e+00
-8.358358358358355389e-01 1.000000000000000000e+00
-8.258258258258255324e-01 1.000000000000000000e+00
-8.158158158158155260e-01 1.000000000000000000e+00
-8.058058058058055195e-01 1.000000000000000000e+00
-7.957957957957955131e-01 1.000000000000000000e+00
-7.857857857857855066e-01 1.000000000000000000e+00
-7.757757757757755002e-01 1.000000000000000000e+00
-7.657657657657654937e-01 1.000000000000000000e+00
-7.557557557557554873e-01 1.000000000000000000e+00
-7.457457457457454808e-01 1.000000000000000000e+00
-7.357357357357354743e-01 1.000000000000000000e+00
-7.257257257257254679e-01 1.000000000000000000e+00
-7.157157157157154614e-01 1.000000000000000000e+00
-7.057057057057054550e-01 1.000000000000000000e+00
-6.956956956956954485e-01 1.000000000000000000e+00
-6.856856856856854421e-01 1.000000000000000000e+00
-6.756756756756754356e-01 1.000000000000000000e+00
-6.656656656656654292e-01 1.000000000000000000e+00
-6.556556556556554227e-01 1.000000000000000000e+00
-6.456456456456454163e-01 1.000000000000000000e+00
-6.356356356356354098e-01 1.000000000000000000e+00
-6.256256256256254034e-01 1.000000000000000000e+00
-6.156156156156153969e-01 1.000000000000000000e+00
-6.056056056056053905e-01 1.000000000000000000e+00
-5.955955955955953840e-01 1.000000000000000000e+00
-5.855855855855853775e-01 1.000000000000000000e+00
-5.755755755755753711e-01 1.000000000000000000e+00
-5.655655655655653646e-01 1.000000000000000000e+00
-5.555555555555553582e-01 1.000000000000000000e+00
-5.455455455455453517e-01 1.000000000000000000e+00
-5.355355355355353453e-01 1.000000000000000000e+00
-5.255255255255253388e-01 1.000000000000000000e+00
-5.155155155155153324e-01 1.000000000000000000e+00
-5.055055055055053259e-01 1.000000000000000000e+00
-4.954954954954953195e-01 1.000000000000000000e+00
-4.854854854854853130e-01 1.000000000000000000e+00
-4.754754754754753066e-01 1.000000000000000000e+00
-4.654654654654653001e-01 1.000000000000000000e+00
-4.554554554554552936e-01 1.000000000000000000e+00
-4.454454454454452872e-01 1.000000000000000000e+00
-4.354354354354352807e-01 1.000000000000000000e+00
-4.254254254254252743e-01 1.000000000000000000e+00
-4.154154154154152678e-01 1.000000000000000000e+00
-4.054054054054052614e-01 1.000000000000000000e+00
-3.953953953953952549e-01 1.000000000000000000e+00
-3.853853853853852485e-01 1.000000000000000000e+00
-3.753753753753752420e-01 1.000000000000000000e+00
-3.653653653653652356e-01 1.000000000000000000e+00
-3.553553553553552291e-01 1.000000000000000000e+00
-3.453453453453452227e-01 1.000000000000000000e+00
-3.353353353353352162e-01 1.000000000000000000e+00
-3.253253253253252097e-01 1.000000000000000000e+00
-3.153153153153152033e-01 1.000000000000000000e+00
-3.053053053053051968e-01 1.000000000000000000e+00
-2.952952952952951904e-01 1.000000000000000000e+00
-2.852852852852851839e-01 1.000000000000000000e+00
-2.752752752752751775e-01 1.000000000000000000e+00
-2.652652652652651710e-01 1.000000000000000000e+00
-2.552552552552551646e-01 1.000000000000000000e+00
-2.452452452452451581e-01 1.000000000000000000e+00
-2.352352352352351517e-01 1.000000000000000000e+00
-2.252252252252251452e-01 1.000000000000000000e+00
-2.152152152152151388e-01 1.000000000000000000e+00
-2.052052052052051323e-01 1.000000000000000000e+00
-1.951951951951951258e-01 1.000000000000000000e+00
-1.851851851851851194e-01 1.000000000000000000e+00
-1.751751751751751129e-01 1.000000000000000000e+00
-1.651651651651651065e-01 1.000000000000000000e+00
-1.551551551551551000e-01 1.000000000000000000e+00
-1.451451451451450936e-01 1.000000000000000000e+00
-1.351351351351350871e-01 1.000000000000000000e+00
-1.251251251251250807e-01 1.000000000000000000e+00
-1.151151151151150742e-01 1.000000000000000000e+00
-1.051051051051050678e-01 1.000000000000000000e+00
-9.509509509509506131e-02 1.000000000000000000e+00
-8.508508508508505486e-02 1.000000000000000000e+00
-7.507507507507504840e-02 1.000000000000000000e+00
-6.506506506506504195e-02 1.000000000000000000e+00
-5.505505505505503550e-02 1.000000000000000000e+00
-4.504504504504502904e-02 1.000000000000000000e+00
-3.503503503503502259e-02 1.000000000000000000e+00
-2.502502502502501613e-02 1.000000000000000000e+00
-1.501501501501500968e-02 1.000000000000000000e+00
-5.005005005005003227e-03 1.000000000000000000e+00
5.005005005005003227e-03 1.000000000000000000e+00
1.501501501501500968e-02 1.000000000000000000e+00
2.502502502502501613e-02 1.000000000000000000e+00
3.503503503503502259e-02 1.000000000000000000e+00
4.504504504504502904e-02 1.000000000000000000e+00
5.505505505505503550e-02 1.000000000000000000e+00
6.506506506506504195e-02 1.000000000000000000e+00
7.507507507507504840e-02 1.000000000000000000e+00
8.508508508508505486e-02 1.000000000000000000e+00
9.509509509509506131e-02 1.000000000000000000e+00
1.051051051051050678e-01 1.000000000000000000e+00
1.151151151151150742e-01 1.000000000000000000e+00
1.251251251251250807e-01 1.000000000000000000e+00
1.351351351351350871e-01 1.000000000000000000e+00
1.451451451451450936e-01 1.000000000000000000e+00
1.551551551551551000e-01 1.000000000000000000e+00
1.651651651651651065e-01 1.000000000000000000e+00
1.751751751751751129e-01 1.000000000000000000e+00
1.851851851851851194e-01 1.000000000000000000e+00
1.951951951951951258e-01 1.000000000000000000e+00
2.052052052052051323e-01 1.000000000000000000e+00
2.152152152152151388e-01 1.000000000000000000e+00
2.252252252252251452e-01 1.000000000000000000e+00
2.352352352352351517e-01 1.000000000000000000e+00
2.452452452452451581e-01 1.000000000000000000e+00
2.552552552552551646e-01 1.000000000000000000e+00
2.652652652652651710e-01 1.000000000000000000e+00
2.752752752752751775e-01 1.000000000000000000e+00
2.852852852852851839e-01 1.000000000000000000e+00
2.952952952952951904e-01 1.000000000000000000e+00
3.053053053053051968e-01 1.000000000000000000e+00
3.153153153153152033e-01 1.000000000000000000e+00
3.253253253253252097e-01 1.000000000000000000e+00
3.353353353353352162e-01 1.000000000000000000e+00
3.453453453453452227e-01 1.000000000000000000e+00
3.553553553553552291e-01 1.000000000000000000e+00
3.653653653653652356e-01 1.000000000000000000e+00
3.753753753753752420e-01 1.000000000000000000e+00
3.853853853853852485e-01 1.000000000000000000e+00
3.953953953953952549e-01 1.000000000000000000e+00
4.054054054054052614e-01 1.000000000000000000e+00
4.154154154154152678e-01 1.000000000000000000e+00
4.254254254254252743e-01 1.000000000000000000e+00
4.354354354354352807e-01 1.000000000000000000e+00
4.454454454454452872e-01 1.000000000000000000e+00
4.554554554554552936e-01 1.000000000000000000e+00
4.654654654654653001e-01 1.000000000000000000e+00
4.754754754754753066e-01 1.000000000000000000e+00
4.854854854854853130e-01 1.000000000000000000e+00
4.954954954954953195e-01 1.000000000000000000e+00
5.055055055055053259e-01 1.000000000000000000e+00
5.155155155155153324e-01 1.000000000000000000e+00
5.255255255255253388e-01 1.000000000000000000e+00
5.355355355355353453e-01 1.000000000000000000e+00
5.455455455455453517e-01 1.000000000000000000e+00
5.555555555555553582e-01 1.000000000000000000e+00
5.655655655655653646e-01 1.000000000000000000e+00
5.755755755755753711e-01 1.000000000000000000e+00
5.855855855855853775e-01 1.000000000000000000e+00
5.955955955955953840e-01 1.000000000000000000e+00
6.056056056056053905e-01 1.000000000000000000e+00
6.156156156156153969e-01 1.000000000000000000e+00
6.256256256256254034e-01 1.000000000000000000e+00
6.356356356356354098e-01 1.000000000000000000e+00
6.456456456456454163e-01 1.000000000000000000e+00
6.556556556556554227e-01 1.000000000000000000e+00
6.656656656656654292e-01 1.000000000000000000e+00
6.756756756756754356e-01 1.000000000000000000e+00
6.856856856856854421e-01 1.000000000000000000e+00
6.956956956956954485e-01 1.000000000000000000e+00
7.057057057057054550e-01 1.000000000000000000e+00
7.157157157157154614e-01 1.000000000000000000e+00
7.257257257257254679e-01 1.000000000000000000e+00
7.357357357357354743e-01 1.000000000000000000e+00
7.457457457457454808e-01 1.000000000000000000e+00
7.557557557557554873e-01 1.000000000000000000e+00
7.657657657657654937e-01 1.000000000000000000e+00
7.757757757757755002e-01 1.000000000000000000e+00
7.857857857857855066e-01 1.000000000000000000e+00
7.957957957957955131e-01 1.000000000000000000e+00
8.058058058058055195e-01 1.000000000000000000e+00
8.158158158158155260e-01 1.000000000000000000e+00
8.258258258258255324e-01 1.000000000000000000e+00
8.358358358358355389e-01 1.000000000000000000e+00
8.458458458458455453e-01 1.000000000000000000e+00
8.558558558558555518e-01 1.000000000000000000e+00
8.658658658658655582e-01 1.000000000000000000e+00
8.758758758758755647e-01 1.000000000000000000e+00
8.858858858858855712e-01 1.000000000000000000e+00
8.958958958958955776e-01 1.000000000000000000e+00
9.059059059059055841e-01 1.000000000000000000e+00
9.159159159159155905e-01 1.000000000000000000e+00
9.259259259259255970e-01 1.000000000000000000e+00
9.359359359359356034e-01 1.000000000000000000e+00
9.459459459459456099e-01 1.000000000000000000e+00
9.559559559559556163e-01 1.000000000000000000e+00
9.659659659659656228e-01 1.000000000000000000e+00
9.759759759759756292e-01 1.000000000000000000e+00
9.859859859859856357e-01 1.000000000000000000e+00
9.959959959959956421e-01 1.000000000000000000e+00
1.006006006006005649e+00 0.000000000000000000e+00
1.016016016016015655e+00 0.000000000000000000e+00
1.026026026026025662e+00 0.000000000000000000e+00
1.036036036036035668e+00 0.000000000000000000e+00
1.046046046046045674e+00 0.000000000000000000e+00
1.056056056056055681e+00 0.000000000000000000e+00
1.066066066066065687e+00 0.000000000000000000e+00
1.076076076076075694e+00 0.000000000000000000e+00
1.086086086086085700e+00 0.000000000000000000e+00
1.096096096096095707e+00 0.000000000000000000e+00
1.106106106106105713e+00 0.000000000000000000e+00
1.116116116116115720e+00 0.000000000000000000e+00
1.126126126126125726e+00 0.000000000000000000e+00
1.136136136136135732e+00 0.000000000000000000e+00
1.146146146146145739e+00 0.000000000000000000e+00
1.156156156156155745e+00 0.000000000000000000e+00
1.166166166166165752e+00 0.000000000000000000e+00
1.176176176176175758e+00 0.000000000000000000e+00
1.186186186186185765e+00 0.000000000000000000e+00
1.196196196196195771e+00 0.000000000000000000e+00
1.206206206206205778e+00 0.000000000000000000e+00
1.216216216216215784e+00 0.000000000000000000e+00
1.226226226226225791e+00 0.000000000000000000e+00
1.236236236236235797e+00 0.000000000000000000e+00
1.246246246246245803e+00 0.000000000000000000e+00
1.256256256256255810e+00 0.000000000000000000e+00
1.266266266266265816e+00 0.000000000000000000e+00
1.276276276276275823e+00 0.000000000000000000e+00
1.286286286286285829e+00 0.000000000000000000e+00
1.296296296296295836e+00 0.000000000000000000e+00
1.306306306306305842e+00 0.000000000000000000e+00
1.316316316316315849e+00 0.000000000000000000e+00
1.326326326326325855e+00 0.000000000000000000e+00
1.336336336336335862e+00 0.000000000000000000e+00
1.346346346346345868e+00 0.000000000000000000e+00
1.356356356356355874e+00 0.000000000000000000e+00
1.366366366366365881e+00 0.000000000000000000e+00
1.376376376376375887e+00 0.000000000000000000e+00
1.386386386386385894e+00 0.000000000000000000e+00
1.396396396396395900e+00 0.000000000000000000e+00
1.406406406406405907e+00 0.000000000000000000e+00
1.416416416416416801e+00 0.000000000000000000e+00
1.426426426426426808e+00 0.000000000000000000e+00
1.436436436436436814e+00 0.000000000000000000e+00
1.446446446446446821e+00 0.000000000000000000e+00
1.456456456456456827e+00 0.000000000000000000e+00
1.466466466466466834e+00 0.000000000000000000e+00
1.476476476476476840e+00 0.000000000000000000e+00
1.486486486486486847e+00 0.000000000000000000e+00
1.496496496496496853e+00 0.000000000000000000e+00
1.506506506506506859e+00 0.000000000000000000e+00
1.516516516516516866e+00 0.000000000000000000e+00
1.526526526526526872e+00 0.000000000000000000e+00
1.536536536536536879e+00 0.000000000000000000e+00
1.546546546546546885e+00 0.000000000000000000e+00
1.556556556556556892e+00 0.000000000000000000e+00
1.566566566566566898e+00 0.000000000000000000e+00
1.576576576576576905e+00 0.000000000000000000e+00
1.586586586586586911e+00 0.000000000000000000e+00
1.596596596596596918e+00 0.000000000000000000e+00
1.606606606606606924e+00 0.000000000000000000e+00
1.616616616616616930e+00 0.000000000000000000e+00
1.626626626626626937e+00 0.000000000000000000e+00
1.636636636636636943e+00 0.000000000000000000e+00
1.646646646646646950e+00 0.000000000000000000e+00
1.656656656656656956e+00 0.000000000000000000e+00
1.666666666666666963e+00 0.000000000000000000e+00
1.676676676676676969e+00 0.000000000000000000e+00
1.686686686686686976e+00 0.000000000000000000e+00
1.696696696696696982e+00 0.000000000000000000e+00
1.706706706706706989e+00 0.000000000000000000e+00
1.716716716716716995e+00 0.000000000000000000e+00
1.726726726726727001e+00 0.000000000000000000e+00
1.736736736736737008e+00 0.000000000000000000e+00
1.746746746746747014e+00 0.000000000000000000e+00
1.756756756756757021e+00 0.000000000000000000e+00
1.766766766766767027e+00 0.000000000000000000e+00
1.776776776776777034e+00 0.000000000000000000e+00
1.786786786786787040e+00 0.000000000000000000e+00
1.796796796796797047e+00 0.000000000000000000e+00
1.806806806806807053e+00 0.000000000000000000e+00
1.816816816816817060e+00 0.000000000000000000e+00
1.826826826826827066e+00 0.000000000000000000e+00
1.836836836836837072e+00 0.000000000000000000e+00
1.846846846846847079e+00 0.000000000000000000e+00
1.856856856856857085e+00 0.000000000000000000e+00
1.866866866866867092e+00 0.000000000000000000e+00
1.876876876876877098e+00 0.000000000000000000e+00
1.886886886886887105e+00 0.000000000000000000e+00
1.896896896896897111e+00 0.000000000000000000e+00
1.906906906906907118e+00 0.000000000000000000e+00
1.916916916916917124e+00 0.000000000000000000e+00
1.926926926926927131e+00 0.000000000000000000e+00
1.936936936936937137e+00 0.000000000000000000e+00
1.946946946946947143e+00 0.000000000000000000e+00
1.956956956956957150e+00 0.000000000000000000e+00
1.966966966966967156e+00 0.000000000000000000e+00
1.976976976976977163e+00 0.000000000000000000e+00
1.986986986986987169e+00 0.000000000000000000e+00
1.996996996996997176e+00 0.000000000000000000e+00
2.007007007007007182e+00 0.000000000000000000e+00
2.017017017017017189e+00 0.000000000000000000e+00
2.027027027027027195e+00 0.000000000000000000e+00
2.037037037037037202e+00 0.000000000000000000e+00
2.047047047047047208e+00 0.000000000000000000e+00
2.057057057057057214e+00 0.000000000000000000e+00
2.067067067067067221e+00 0.000000000000000000e+00
2.077077077077077227e+00 0.000000000000000000e+00
2.087087087087087234e+00 0.000000000000000000e+00
2.097097097097097240e+00 0.000000000000000000e+00
2.107107107107107247e+00 0.000000000000000000e+00
2.117117117117117253e+00 0.000000000000000000e+00
2.127127127127127260e+00 0.000000000000000000e+00
2.137137137137137266e+00 0.000000000000000000e+00
2.147147147147147273e+00 0.000000000000000000e+00
2.157157157157157279e+00 0.000000000000000000e+00
2.167167167167167285e+00 0.000000000000000000e+00
2.177177177177177292e+00 0.000000000000000000e+00
2.187187187187187298e+00 0.000000000000000000e+00
2.197197197197197305e+00 0.000000000000000000e+00
2.207207207207207311e+00 0.000000000000000000e+00
2.217217217217217318e+00 0.000000000000000000e+00
2.227227227227227324e+00 0.000000000000000000e+00
2.237237237237237331e+00 0.000000000000000000e+00
2.247247247247247337e+00 0.000000000000000000e+00
2.257257257257257343e+00 0.000000000000000000e+00
2.267267267267267350e+00 0.000000000000000000e+00
2.277277277277277356e+00 0.000000000000000000e+00
2.287287287287287363e+00 0.000000000000000000e+00
2.297297297297297369e+00 0.000000000000000000e+00
2.307307307307307376e+00 0.000000000000000000e+00
2.317317317317317382e+00 0.000000000000000000e+00
2.327327327327327389e+00 0.000000000000000000e+00
2.337337337337337395e+00 0.000000000000000000e+00
2.347347347347347402e+00 0.000000000000000000e+00
2.357357357357357408e+00 0.000000000000000000e+00
2.367367367367367414e+00 0.000000000000000000e+00
2.377377377377377421e+00 0.000000000000000000e+00
2.387387387387387427e+00 0.000000000000000000e+00
2.397397397397397434e+00 0.000000000000000000e+00
2.407407407407407440e+00 0.000000000000000000e+00
2.417417417417417447e+00 0.000000000000000000e+00
2.427427427427427453e+00 0.000000000000000000e+00
2.437437437437437460e+00 0.000000000000000000e+00
2.447447447447447466e+00 0.000000000000000000e+00
2.457457457457457473e+00 0.000000000000000000e+00
2.467467467467467479e+00 0.000000000000000000e+00
2.477477477477477485e+00 0.000000000000000000e+00
2.487487487487487492e+00 0.000000000000000000e+00
2.497497497497497498e+00 0.000000000000000000e+00
2.507507507507507505e+00 0.000000000000000000e+00
2.517517517517517511e+00 0.000000000000000000e+00
2.527527527527527518e+00 0.000000000000000000e+00
2.537537537537537524e+00 0.000000000000000000e+00
2.547547547547547531e+00 0.000000000000000000e+00
2.557557557557557537e+00 0.000000000000000000e+00
2.567567567567567544e+00 0.000000000000000000e+00
2.577577577577577550e+00 0.000000000000000000e+00
2.587587587587587556e+00 0.000000000000000000e+00
2.597597597597597563e+00 0.000000000000000000e+00
2.607607607607607569e+00 0.000000000000000000e+00
2.617617617617617576e+00 0.000000000000000000e+00
2.627627627627627582e+00 0.000000000000000000e+00
2.637637637637637589e+00 0.000000000000000000e+00
2.647647647647647595e+00 0.000000000000000000e+00
2.657657657657657602e+00 0.000000000000000000e+00
2.667667667667667608e+00 0.000000000000000000e+00
2.677677677677677615e+00 0.000000000000000000e+00
2.687687687687687621e+00 0.000000000000000000e+00
2.697697697697697627e+00 0.000000000000000000e+00
2.707707707707707634e+00 0.000000000000000000e+00
2.717717717717717640e+00 0.000000000000000000e+00
2.727727727727727647e+00 0.000000000000000000e+00
2.737737737737737653e+00 0.000000000000000000e+00
2.747747747747747660e+00 0.000000000000000000e+00
2.757757757757757666e+00 0.000000000000000000e+00
2.767767767767767673e+00 0.000000000000000000e+00
2.777777777777777679e+00 0.000000000000000000e+00
2.787787787787787686e+00 0.000000000000000000e+00
2.797797797797797692e+00 0.000000000000000000e+00
2.807807807807807698e+00 0.000000000000000000e+00
2.817817817817817705e+00 0.000000000000000000e+00
2.827827827827827711e+00 0.000000000000000000e+00
2.837837837837837718e+00 0.000000000000000000e+00
2.847847847847847724e+00 0.000000000000000000e+00
2.857857857857857731e+00 0.000000000000000000e+00
2.867867867867867737e+00 0.000000000000000000e+00
2.877877877877877744e+00 0.000000000000000000e+00
2.887887887887887750e+00 0.000000000000000000e+00
2.897897897897897757e+00 0.000000000000000000e+00
2.907907907907907763e+00 0.000000000000000000e+00
2.917917917917917769e+00 0.000000000000000000e+00
2.927927927927927776e+00 0.000000000000000000e+00
2.937937937937937782e+00 0.000000000000000000e+00
2.947947947947947789e+00 0.000000000000000000e+00
2.957957957957957795e+00 0.000000000000000000e+00
2.967967967967967802e+00 0.000000000000000000e+00
2.977977977977977808e+00 0.000000000000000000e+00
2.987987987987987815e+00 0.000000000000000000e+00
2.997997997997997821e+00 0.000000000000000000e+00
3.008008008008008716e+00 0.000000000000000000e+00
3.018018018018018722e+00 0.000000000000000000e+00
3.028028028028028729e+00 0.000000000000000000e+00
3.038038038038038735e+00 0.000000000000000000e+00
3.048048048048048742e+00 0.000000000000000000e+00
3.058058058058058748e+00 0.000000000000000000e+00
3.068068068068068754e+00 0.000000000000000000e+00
3.078078078078078761e+00 0.000000000000000000e+00
3.088088088088088767e+00 0.000000000000000000e+00
3.098098098098098774e+00 0.000000000000000000e+00
3.108108108108108780e+00 0.000000000000000000e+00
3.118118118118118787e+00 0.000000000000000000e+00
3.128128128128128793e+00 0.000000000000000000e+00
3.138138138138138800e+00 0.000000000000000000e+00
3.148148148148148806e+00 0.000000000000000000e+00
3.158158158158158813e+00 0.000000000000000000e+00
3.168168168168168819e+00 0.000000000000000000e+00
3.178178178178178825e+00 0.000000000000000000e+00
3.188188188188188832e+00 0.000000000000000000e+00
3.198198198198198838e+00 0.000000000000000000e+00
3.208208208208208845e+00 0.000000000000000000e+00
3.218218218218218851e+00 0.000000000000000000e+00
3.228228228228228858e+00 0.000000000000000000e+00
3.238238238238238864e+00 0.000000000000000000e+00
3.248248248248248871e+00 0.000000000000000000e+00
3.258258258258258877e+00 0.000000000000000000e+00
3.268268268268268884e+00 0.000000000000000000e+00
3.278278278278278890e+00 0.000000000000000000e+00
3.288288288288288896e+00 0.000000000000000000e+00
3.298298298298298903e+00 0.000000000000000000e+00
3.308308308308308909e+00 0.000000000000000000e+00
3.318318318318318916e+00 0.000000000000000000e+00
3.328328328328328922e+00 0.000000000000000000e+00
3.338338338338338929e+00 0.000000000000000000e+00
3.348348348348348935e+00 0.000000000000000000e+00
3.358358358358358942e+00 0.000000000000000000e+00
3.368368368368368948e+00 0.000000000000000000e+00
3.378378378378378954e+00 0.000000000000000000e+00
3.388388388388388961e+00 0.000000000000000000e+00
3.398398398398398967e+00 0.000000000000000000e+00
3.408408408408408974e+00 0.000000000000000000e+00
3.418418418418418980e+00 0.000000000000000000e+00
3.428428428428428987e+00 0.000000000000000000e+00
3.438438438438438993e+00 0.000000000000000000e+00
3.448448448448449000e+00 0.000000000000000000e+00
3.458458458458459006e+00 0.000000000000000000e+00
3.468468468468469013e+00 0.000000000000000000e+00
3.478478478478479019e+00 0.000000000000000000e+00
3.488488488488489025e+00 0.000000000000000000e+00
3.498498498498499032e+00 0.000000000000000000e+00
3.508508508508509038e+00 0.000000000000000000e+00
3.518518518518519045e+00 0.000000000000000000e+00
3.528528528528529051e+00 0.000000000000000000e+00
3.538538538538539058e+00 0.000000000000000000e+00
3.548548548548549064e+00 0.000000000000000000e+00
3.558558558558559071e+00 0.000000000000000000e+00
3.568568568568569077e+00 0.000000000000000000e+00
3.578578578578579084e+00 0.000000000000000000e+00
3.588588588588589090e+00 0.000000000000000000e+00
3.598598598598599096e+00 0.000000000000000000e+00
3.608608608608609103e+00 0.000000000000000000e+00
3.618618618618619109e+00 0.000000000000000000e+00
3.628628628628629116e+00 0.000000000000000000e+00
3.638638638638639122e+00 0.000000000000000000e+00
3.648648648648649129e+00 0.000000000000000000e+00
3.658658658658659135e+00 0.000000000000000000e+00
3.668668668668669142e+00 0.000000000000000000e+00
3.678678678678679148e+00 0.000000000000000000e+00
3.688688688688689155e+00 0.000000000000000000e+00
3.698698698698699161e+00 0.000000000000000000e+00
3.708708708708709167e+00 0.000000000000000000e+00
3.718718718718719174e+00 0.000000000000000000e+00
3.728728728728729180e+00 0.000000000000000000e+00
3.738738738738739187e+00 0.000000000000000000e+00
3.748748748748749193e+00 0.000000000000000000e+00
3.758758758758759200e+00 0.000000000000000000e+00
3.768768768768769206e+00 0.000000000000000000e+00
3.778778778778779213e+00 0.000000000000000000e+00
3.788788788788789219e+00 0.000000000000000000e+00
3.798798798798799226e+00 0.000000000000000000e+00
3.808808808808809232e+00 0.000000000000000000e+00
3.818818818818819238e+00 0.000000000000000000e+00
3.828828828828829245e+00 0.000000000000000000e+00
3.838838838838839251e+00 0.000000000000000000e+00
3.848848848848849258e+00 0.000000000000000000e+00
3.858858858858859264e+00 0.000000000000000000e+00
3.868868868868869271e+00 0.000000000000000000e+00
3.878878878878879277e+00 0.000000000000000000e+00
3.888888888888889284e+00 0.000000000000000000e+00
3.898898898898899290e+00 0.000000000000000000e+00
3.908908908908909297e+00 0.000000000000000000e+00
3.918918918918919303e+00 0.000000000000000000e+00
3.928928928928929309e+00 0.000000000000000000e+00
3.938938938938939316e+00 0.000000000000000000e+00
3.948948948948949322e+00 0.000000000000000000e+00
3.958958958958959329e+00 0.000000000000000000e+00
3.968968968968969335e+00 0.000000000000000000e+00
3.978978978978979342e+00 0.000000000000000000e+00
3.988988988988989348e+00 0.000000000000000000e+00
3.998998998998999355e+00 0.000000000000000000e+00
4.009009009009009361e+00 0.000000000000000000e+00
4.019019019019019368e+00 0.000000000000000000e+00
4.029029029029029374e+00 0.000000000000000000e+00
4.039039039039039380e+00 0.000000000000000000e+00
4.049049049049049387e+00 0.000000000000000000e+00
4.059059059059059393e+00 0.000000000000000000e+00
4.069069069069069400e+00 0.000000000000000000e+00
4.079079079079079406e+00 0.000000000000000000e+00
4.089089089089089413e+00 0.000000000000000000e+00
4.099099099099099419e+00 0.000000000000000000e+00
4.109109109109109426e+00 0.000000000000000000e+00
4.119119119119119432e+00 0.000000000000000000e+00
4.129129129129129439e+00 0.000000000000000000e+00
4.139139139139139445e+00 0.000000000000000000e+00
4.149149149149149451e+00 0.000000000000000000e+00
4.159159159159159458e+00 0.000000000000000000e+00
4.169169169169169464e+00 0.000000000000000000e+00
4.179179179179179471e+00 0.000000000000000000e+00
4.189189189189189477e+00 0.000000000000000000e+00
4.199199199199199484e+00 0.000000000000000000e+00
4.209209209209209490e+00 0.000000000000000000e+00
4.219219219219219497e+00 0.000000000000000000e+00
4.229229229229229503e+00 0.000000000000000000e+00
4.239239239239239510e+00 0.000000000000000000e+00
4.249249249249249516e+00 0.000000000000000000e+00
4.259259259259259522e+00 0.000000000000000000e+00
4.269269269269269529e+00 0.000000000000000000e+00
4.279279279279279535e+00 0.000000000000000000e+00
4.289289289289289542e+00 0.000000000000000000e+00
4.299299299299299548e+00 0.000000000000000000e+00
4.309309309309309555e+00 0.000000000000000000e+00
4.319319319319319561e+00 0.000000000000000000e+00
4.329329329329329568e+00 0.000000000000000000e+00
4.339339339339339574e+00 0.000000000000000000e+00
4.349349349349349581e+00 0.000000000000000000e+00
4.359359359359359587e+00 0.000000000000000000e+00
4.369369369369369593e+00 0.000000000000000000e+00
4.379379379379379600e+00 0.000000000000000000e+00
4.389389389389389606e+00 0.000000000000000000e+00
4.399399399399399613e+00 0.000000000000000000e+00
4.409409409409409619e+00 0.000000000000000000e+00
4.419419419419419626e+00 0.000000000000000000e+00
4.429429429429429632e+00 0.000000000000000000e+00
4.439439439439439639e+00 0.000000000000000000e+00
4.449449449449449645e+00 0.000000000000000000e+00
4.459459459459459651e+00 0.000000000000000000e+00
4.469469469469469658e+00 0.000000000000000000e+00
4.479479479479479664e+00 0.000000000000000000e+00
4.489489489489489671e+00 0.000000000000000000e+00
4.499499499499499677e+00 0.000000000000000000e+00
4.509509509509509684e+00 0.000000000000000000e+00
4.519519519519519690e+00 0.000000000000000000e+00
4.529529529529529697e+00 0.000000000000000000e+00
4.539539539539539703e+00 0.000000000000000000e+00
4.549549549549549710e+00 0.000000000000000000e+00
4.559559559559559716e+00 0.000000000000000000e+00
4.569569569569569722e+00 0.000000000000000000e+00
4.579579579579579729e+00 0.000000000000000000e+00
4.589589589589589735e+00 0.000000000000000000e+00
4.599599599599599742e+00 0.000000000000000000e+00
4.609609609609609748e+00 0.000000000000000000e+00
4.619619619619619755e+00 0.000000000000000000e+00
4.629629629629629761e+00 0.000000000000000000e+00
4.639639639639639768e+00 0.000000000000000000e+00
4.649649649649649774e+00 0.000000000000000000e+00
4.659659659659659781e+00 0.000000000000000000e+00
4.669669669669669787e+00 0.000000000000000000e+00
4.679679679679679793e+00 0.000000000000000000e+00
4.689689689689689800e+00 0.000000000000000000e+00
4.699699699699699806e+00 0.000000000000000000e+00
4.709709709709709813e+00 0.000000000000000000e+00
4.719719719719719819e+00 0.000000000000000000e+00
4.729729729729729826e+00 0.000000000000000000e+00
4.739739739739739832e+00 0.000000000000000000e+00
4.749749749749749839e+00 0.000000000000000000e+00
4.759759759759759845e+00 0.000000000000000000e+00
4.769769769769769852e+00 0.000000000000000000e+00
4.779779779779779858e+00 0.000000000000000000e+00
4.789789789789789864e+00 0.000000000000000000e+00
4.799799799799799871e+00 0.000000000000000000e+00
4.809809809809809877e+00 0.000000000000000000e+00
4.819819819819819884e+00 0.000000000000000000e+00
4.829829829829829890e+00 0.000000000000000000e+00
4.839839839839839897e+00 0.000000000000000000e+00
4.849849849849849903e+00 0.000000000000000000e+00
4.859859859859859910e+00 0.000000000000000000e+00
4.869869869869869916e+00 0.000000000000000000e+00
4.879879879879879923e+00 0.000000000000000000e+00
4.889889889889889929e+00 0.000000000000000000e+00
4.899899899899899935e+00 0.000000000000000000e+00
4.909909909909909942e+00 0.000000000000000000e+00
4.919919919919919948e+00 0.000000000000000000e+00
4.929929929929929955e+00 0.000000000000000000e+00
4.939939939939939961e+00 0.000000000000000000e+00
4.949949949949949968e+00 0.000000000000000000e+00
4.959959959959959974e+00 0.000000000000000000e+00
4.969969969969969981e+00 0.000000000000000000e+00
4.979979979979979987e+00 0.000000000000000000e+00
4.989989989989989994e+00 0.000000000000000000e+00
5.000000000000000000e+00 0.000000000000000000e+00
